16 0.115710 0.278993 0.003725 0.005166
16 0.163855 0.208541 0.003625 0.005171
16 0.218570 0.208541 0.003608 0.005381
16 0.268993 0.208519 0.003634 0.005138
16 0.323711 0.208469 0.003596 0.005235
16 0.313651 0.229962 0.003815 0.005102
19 0.294736 0.247396 0.003551 0.005181
19 0.315270 0.254337 0.003594 0.004939
19 0.294127 0.286947 0.003619 0.004900
18 0.267926 0.296279 0.003630 0.002831
16 0.273549 0.295911 0.003609 0.005102
16 0.261803 0.264183 0.003726 0.005092
18 0.261726 0.268923 0.003633 0.002853
18 0.267946 0.238130 0.003675 0.002892
16 0.273541 0.238066 0.003675 0.005170
16 0.243895 0.233913 0.003633 0.005169
16 0.229275 0.239973 0.003518 0.005093
16 0.206468 0.237226 0.003663 0.005178
18 0.200839 0.237877 0.003735 0.002857
18 0.188710 0.278207 0.003639 0.002948
16 0.194966 0.278147 0.003596 0.005294
18 0.200893 0.294820 0.003642 0.002909
16 0.206555 0.293923 0.003589 0.005192
16 0.157676 0.291091 0.003668 0.004983
16 0.163842 0.345822 0.003612 0.005323
16 0.218593 0.345915 0.003685 0.005447
16 0.243820 0.303014 0.003821 0.005095
16 0.268964 0.345775 0.003750 0.005087
16 0.323717 0.345805 0.003874 0.005227
16 0.336922 0.291032 0.003653 0.005271
19 0.315214 0.280172 0.003654 0.005232
16 0.371847 0.278949 0.003603 0.005004
16 0.226121 0.395842 0.003653 0.005128
16 0.260596 0.395827 0.003705 0.005237
16 0.147308 0.613477 0.003549 0.005371
16 0.202023 0.613611 0.003607 0.005491
16 0.256980 0.613522 0.003805 0.005231
16 0.307216 0.613552 0.003846 0.005210
16 0.320377 0.696029 0.003785 0.005113
16 0.307109 0.751033 0.003692 0.005385
16 0.256902 0.750746 0.003723 0.005125
16 0.201977 0.750735 0.003666 0.005406
16 0.147346 0.750768 0.003639 0.005227
16 0.141125 0.696184 0.003809 0.005496
16 0.189889 0.698983 0.003762 0.005070
18 0.184285 0.699782 0.003626 0.002921
18 0.184275 0.642909 0.003804 0.003027
16 0.189918 0.642339 0.003754 0.005164
16 0.212718 0.645057 0.003722 0.005341
16 0.227284 0.638912 0.003643 0.005324
16 0.246210 0.647175 0.003575 0.005177
18 0.251415 0.647240 0.003792 0.002795
19 0.278097 0.652326 0.003642 0.005105
16 0.297041 0.635602 0.003598 0.005047
19 0.298602 0.659238 0.003652 0.005258
19 0.298670 0.685262 0.003741 0.005151
19 0.277586 0.692124 0.003589 0.005073
18 0.251415 0.696113 0.003655 0.002972
16 0.257021 0.695805 0.003731 0.005355
16 0.227396 0.707979 0.003842 0.005269
16 0.226757 0.154775 0.003700 0.005191
16 0.260399 0.154708 0.003576 0.005152
16 0.615270 0.200109 0.003676 0.005329
16 0.669909 0.199958 0.003672 0.005191
16 0.724842 0.199965 0.003543 0.005340
16 0.775050 0.200006 0.003657 0.005373
16 0.765130 0.222075 0.003580 0.005060
19 0.766535 0.245799 0.003585 0.005171
19 0.746137 0.238809 0.003767 0.005007
16 0.714164 0.233486 0.003662 0.005410
18 0.719271 0.233700 0.003854 0.002802
18 0.719359 0.282499 0.003624 0.002828
16 0.724926 0.282232 0.003699 0.005229
19 0.745526 0.278439 0.003636 0.005194
19 0.766565 0.271633 0.003611 0.005166
16 0.788289 0.282538 0.003804 0.005093
16 0.775048 0.337246 0.003752 0.005009
16 0.724843 0.337290 0.003687 0.005111
16 0.669927 0.337291 0.003747 0.005071
16 0.615261 0.337273 0.003811 0.005112
16 0.609064 0.282556 0.003654 0.005100
16 0.657910 0.285428 0.003700 0.005303
18 0.652269 0.286293 0.003621 0.002910
18 0.652227 0.229243 0.003663 0.002780
16 0.657848 0.228771 0.003825 0.005050
16 0.680706 0.231440 0.003544 0.005080
16 0.695263 0.225355 0.003720 0.004996
16 0.614452 0.696026 0.003842 0.005100
16 0.620529 0.750884 0.003625 0.005308
16 0.675306 0.750894 0.003652 0.005107
16 0.700604 0.708113 0.003647 0.005196
16 0.700655 0.639012 0.003551 0.005144
16 0.620611 0.613672 0.003676 0.005241
16 0.675288 0.613571 0.003685 0.005267
16 0.730235 0.613559 0.003648 0.005193
16 0.780444 0.613601 0.003619 0.005393
16 0.770371 0.635640 0.003577 0.005033
16 0.719459 0.647252 0.003724 0.005211
18 0.724671 0.647287 0.003672 0.002790
19 0.751384 0.652414 0.003662 0.005116
19 0.771868 0.659291 0.003675 0.005025
19 0.750900 0.692073 0.003681 0.004961
19 0.771954 0.685224 0.003577 0.005128
18 0.724653 0.696161 0.003678 0.002849
16 0.730283 0.695733 0.003777 0.005140
16 0.793603 0.696103 0.003803 0.005139
16 0.780438 0.750824 0.003608 0.005120
16 0.730187 0.750842 0.003739 0.005061
16 0.685989 0.645030 0.003490 0.005114
18 0.657540 0.642872 0.003680 0.002935
16 0.663212 0.642258 0.003737 0.004962
18 0.657585 0.699825 0.003730 0.002822
16 0.663215 0.698934 0.003642 0.005198
24 0.180281 0.244766 0.003497 0.005214
24 0.229270 0.233696 0.003639 0.005189
24 0.318778 0.230047 0.003667 0.004865
24 0.318254 0.302908 0.003726 0.004810
24 0.163753 0.649882 0.003514 0.005143
24 0.212695 0.638785 0.003575 0.005117
24 0.301615 0.707261 0.003688 0.004952
24 0.302215 0.635462 0.003687 0.005120
24 0.636992 0.649831 0.003557 0.005162
24 0.685963 0.638795 0.003532 0.005138
24 0.774902 0.707297 0.003673 0.004807
24 0.775502 0.635523 0.003695 0.005265
24 0.631656 0.236241 0.003561 0.005146
24 0.680636 0.225208 0.003531 0.005208
24 0.770125 0.221920 0.003608 0.005268
24 0.769603 0.293761 0.003715 0.004880