16 0.172473 0.208545 0.003767 0.005211
16 0.227211 0.208512 0.003633 0.005202
16 0.277598 0.208574 0.003687 0.005135
16 0.332338 0.208463 0.003701 0.005066
16 0.322323 0.230055 0.003567 0.005125
16 0.282226 0.238162 0.003561 0.004946
16 0.252506 0.234028 0.003592 0.005168
16 0.237901 0.239933 0.003518 0.004973
16 0.215104 0.237289 0.003741 0.005288
16 0.203607 0.278088 0.003677 0.005149
16 0.215115 0.293912 0.003660 0.005089
16 0.166287 0.291068 0.003670 0.005260
16 0.172526 0.345822 0.003619 0.005177
16 0.227149 0.345827 0.003782 0.005112
16 0.277701 0.345800 0.003754 0.005185
16 0.252511 0.303033 0.003750 0.005023
16 0.270403 0.264178 0.003625 0.005097
16 0.282216 0.295997 0.003646 0.005337
16 0.345542 0.291155 0.003574 0.005285
16 0.332337 0.345823 0.003735 0.005174
16 0.380434 0.278985 0.003726 0.004946
16 0.666109 0.130435 0.003652 0.005041
16 0.699768 0.130366 0.003592 0.005111
16 0.603130 0.184220 0.003658 0.005216
16 0.657892 0.184183 0.003667 0.005184
16 0.708319 0.184176 0.003645 0.005180
16 0.763034 0.184233 0.003698 0.005162
16 0.752908 0.205818 0.003706 0.005020
16 0.712856 0.213775 0.003703 0.005138
16 0.683249 0.209643 0.003654 0.005227
16 0.668568 0.215714 0.003660 0.005061
16 0.645841 0.213015 0.003696 0.005123
16 0.634339 0.253742 0.003706 0.005116
16 0.596978 0.266807 0.003651 0.005113
16 0.603123 0.321479 0.003666 0.005272
16 0.657889 0.321514 0.003700 0.005379
16 0.708331 0.321462 0.003674 0.005237
16 0.763055 0.321461 0.003727 0.005051
16 0.776185 0.266706 0.003648 0.005033
16 0.712931 0.271680 0.003657 0.005203
16 0.683248 0.278768 0.003737 0.005199
16 0.701113 0.239933 0.003623 0.004975
16 0.645872 0.269659 0.003619 0.005146
16 0.665460 0.371516 0.003707 0.005107
16 0.699908 0.371556 0.003590 0.005111
16 0.668837 0.622529 0.003654 0.005265
16 0.702493 0.622507 0.003664 0.005129
16 0.605880 0.676304 0.003773 0.005149
16 0.660620 0.676305 0.003606 0.005180
16 0.711077 0.676253 0.003683 0.005233
16 0.765739 0.676269 0.003657 0.005101
16 0.755737 0.697861 0.003596 0.005008
16 0.715627 0.705813 0.003572 0.005075
16 0.685918 0.701727 0.003664 0.005180
16 0.671310 0.707782 0.003616 0.005196
16 0.648529 0.704993 0.003699 0.005096
16 0.637018 0.745794 0.003681 0.005224
16 0.648586 0.761677 0.003689 0.005056
16 0.599712 0.758777 0.003664 0.005070
16 0.605894 0.813524 0.003621 0.005230
16 0.660613 0.813599 0.003720 0.005259
16 0.711047 0.813645 0.003653 0.005164
16 0.685885 0.770792 0.003741 0.005097
16 0.703841 0.731940 0.003612 0.005227
16 0.715558 0.763661 0.003641 0.005169
16 0.765712 0.813558 0.003643 0.005209
16 0.778964 0.758747 0.003625 0.005124
16 0.813896 0.746758 0.003641 0.005146
16 0.668150 0.863608 0.003633 0.005211
16 0.702627 0.863614 0.003686 0.005176
16 0.557762 0.746800 0.003654 0.005199
16 0.373077 0.749912 0.003624 0.005146
16 0.338217 0.761833 0.003667 0.005183
16 0.314909 0.701002 0.003664 0.005040
16 0.274843 0.708936 0.003634 0.005102
16 0.263034 0.735039 0.003553 0.005055
16 0.274804 0.766821 0.003595 0.004937
16 0.245186 0.773979 0.003522 0.005185
16 0.245206 0.704794 0.003633 0.005246
16 0.165137 0.679414 0.003602 0.005150
16 0.219881 0.679388 0.003739 0.005134
16 0.270294 0.679373 0.003773 0.005033
16 0.325045 0.679330 0.003609 0.005237
18 0.209489 0.237831 0.003679 0.002868
18 0.197323 0.278248 0.003572 0.002794
18 0.209482 0.294743 0.003612 0.002699
18 0.270403 0.269048 0.003755 0.002438
18 0.276629 0.296295 0.003698 0.002745
18 0.276591 0.238107 0.003657 0.002721
19 0.302764 0.286968 0.003541 0.005172
19 0.323814 0.280070 0.003523 0.005044
19 0.303344 0.247346 0.003543 0.005082
19 0.323809 0.254307 0.003674 0.005156
18 0.640150 0.213546 0.003654 0.002848
18 0.628013 0.253994 0.003621 0.002836
18 0.640143 0.270471 0.003668 0.002738
18 0.700970 0.244670 0.003778 0.002796
18 0.707260 0.213822 0.003750 0.002771
18 0.707286 0.271980 0.003645 0.002673
19 0.733515 0.262749 0.003626 0.005000
19 0.754529 0.255828 0.003532 0.005114
19 0.733949 0.223082 0.003705 0.005078
19 0.754522 0.229997 0.003601 0.005147
19 0.757259 0.722000 0.003609 0.005101
19 0.736756 0.715120 0.003541 0.005144
19 0.736195 0.754721 0.003667 0.005244
19 0.757295 0.747943 0.003632 0.005184
18 0.709951 0.705904 0.003723 0.002837
18 0.703731 0.736657 0.003739 0.002876
18 0.709989 0.764046 0.003635 0.002702
18 0.642886 0.762529 0.003672 0.002696
18 0.630707 0.746002 0.003638 0.002777
18 0.642893 0.705593 0.003730 0.002871
18 0.202133 0.765666 0.003639 0.002868
18 0.189959 0.749146 0.003596 0.002862
18 0.202092 0.708691 0.003650 0.002928
18 0.262957 0.739740 0.003721 0.002970
18 0.269214 0.767082 0.003611 0.002791
19 0.295416 0.757823 0.003609 0.005040
19 0.316478 0.751026 0.003673 0.005142
19 0.316487 0.725168 0.003643 0.005121
19 0.295974 0.718248 0.003646 0.005063
18 0.269195 0.709067 0.003704 0.002921
24 0.188885 0.244740 0.003597 0.005208
24 0.237877 0.233753 0.003597 0.005129
24 0.326810 0.302929 0.003753 0.004943
24 0.327409 0.230003 0.003639 0.005078
24 0.619582 0.220451 0.003544 0.005130
24 0.668572 0.209420 0.003592 0.005230
24 0.758064 0.205737 0.003674 0.004899
24 0.757468 0.278597 0.003701 0.004919
24 0.622348 0.712531 0.003569 0.005102
24 0.671288 0.701493 0.003536 0.005102
24 0.760818 0.697864 0.003740 0.004976
24 0.760279 0.770584 0.003594 0.004798
24 0.181547 0.715679 0.003497 0.005123
24 0.230494 0.704610 0.003568 0.005139
24 0.319409 0.773717 0.003699 0.004843
24 0.320030 0.700972 0.003661 0.004988