18 0.197880 0.230410 0.003608 0.002831
18 0.185770 0.270748 0.003648 0.002685
18 0.197914 0.287318 0.003567 0.002698
18 0.265001 0.230729 0.003622 0.002849
18 0.258779 0.261515 0.003658 0.002810
18 0.264985 0.288868 0.003626 0.002702
19 0.291235 0.279551 0.003600 0.005107
19 0.312218 0.272682 0.003774 0.005084
19 0.312249 0.246842 0.003620 0.005071
19 0.291735 0.239994 0.003609 0.004959
18 0.633685 0.202797 0.003660 0.002767
18 0.621567 0.243175 0.003727 0.002738
18 0.633778 0.259726 0.003657 0.002857
18 0.700816 0.203168 0.003714 0.002722
18 0.694546 0.233912 0.003734 0.002806
18 0.700779 0.261173 0.003711 0.002759
19 0.727002 0.251949 0.003625 0.005101
19 0.748032 0.245119 0.003609 0.005169
19 0.727518 0.212358 0.003677 0.005159
19 0.748025 0.219201 0.003623 0.005163
18 0.192697 0.698340 0.003607 0.002822
18 0.180598 0.738743 0.003648 0.002845
18 0.192719 0.755268 0.003641 0.002816
18 0.259803 0.698720 0.003810 0.002851
18 0.253591 0.729434 0.003753 0.002816
18 0.259848 0.756767 0.003631 0.002748
19 0.286062 0.747462 0.003603 0.005093
19 0.307083 0.740644 0.003537 0.005149
19 0.307076 0.714758 0.003610 0.005126
19 0.286528 0.707947 0.003683 0.005123
24 0.177288 0.237338 0.003615 0.005008
24 0.226315 0.226312 0.003580 0.005061
24 0.315811 0.222575 0.003667 0.005146
24 0.315254 0.295474 0.003640 0.004828
24 0.613100 0.209736 0.003569 0.005246
24 0.662123 0.198695 0.003561 0.005133
24 0.751632 0.194953 0.003654 0.005331
24 0.751028 0.267786 0.003645 0.004914
24 0.310623 0.690539 0.003561 0.005000
24 0.310062 0.763294 0.003611 0.004785
24 0.172077 0.705271 0.003625 0.005149
24 0.221132 0.694275 0.003530 0.005120
32 0.224040 0.163617 0.005125 0.003530
32 0.240834 0.163580 0.005079 0.003477
32 0.257681 0.163639 0.005100 0.003560
32 0.359947 0.249269 0.002491 0.007285
32 0.359915 0.292110 0.002521 0.007297
32 0.224038 0.377860 0.005125 0.003525
32 0.240859 0.377902 0.005134 0.003504
32 0.257691 0.377910 0.005129 0.003551
32 0.557866 0.221612 0.002522 0.007154
32 0.558197 0.264300 0.002478 0.007312
32 0.659826 0.135953 0.005113 0.003542
32 0.676628 0.135957 0.005117 0.003516
32 0.693470 0.135988 0.005110 0.003498
32 0.659792 0.350307 0.005097 0.003469
32 0.676642 0.350301 0.005084 0.003429
32 0.693447 0.350301 0.005131 0.003429
32 0.117231 0.759878 0.002574 0.007327
32 0.116881 0.717266 0.002484 0.007345
32 0.354761 0.717199 0.002463 0.007193
32 0.354752 0.760041 0.002500 0.007161
32 0.218843 0.631510 0.005140 0.003458
32 0.235693 0.631546 0.005141 0.003522
32 0.252509 0.631572 0.005131 0.003511
32 0.218860 0.845839 0.005172 0.003456
32 0.235665 0.845827 0.005123 0.003526
32 0.252499 0.845829 0.005143 0.003530