18 0.180983 0.163645 0.003613 0.002862
18 0.180999 0.220589 0.003575 0.002858
18 0.248074 0.168072 0.003620 0.002768
18 0.248062 0.216902 0.003678 0.002757
19 0.274268 0.212837 0.003576 0.005096
19 0.295301 0.205991 0.003713 0.005107
19 0.274796 0.173135 0.003671 0.004927
19 0.295313 0.180143 0.003658 0.005185
18 0.640157 0.167435 0.003638 0.002757
18 0.640186 0.224386 0.003597 0.002898
18 0.707293 0.171823 0.003709 0.002637
18 0.707230 0.220658 0.003613 0.002859
24 0.160422 0.170617 0.003584 0.005149
24 0.209370 0.159556 0.003587 0.005155
24 0.298880 0.156306 0.003600 0.005089
24 0.298312 0.228115 0.003695 0.004843
24 0.668602 0.163358 0.003428 0.005178