18 0.206965 0.301914 0.003633 0.002755
18 0.247605 0.301857 0.003594 0.002791
19 0.605178 0.303379 0.003609 0.004965
19 0.631908 0.305881 0.003635 0.005117
19 0.650983 0.300513 0.003644 0.005023
19 0.669351 0.305746 0.003608 0.004899
19 0.687249 0.300486 0.003649 0.005101
18 0.704900 0.301398 0.003635 0.002792
18 0.739907 0.301270 0.003656 0.002719
24 0.630884 0.285197 0.003650 0.004880
24 0.522524 0.301513 0.002849 0.004235
24 0.522558 0.316857 0.002832 0.004160
32 0.198467 0.350123 0.002364 0.007228
32 0.743949 0.355100 0.002545 0.007194
32 0.254451 0.517943 0.004809 0.008001
32 0.261066 0.533074 0.004835 0.008038
32 0.569823 0.533240 0.005648 0.006815
32 0.580612 0.523815 0.005719 0.006605