18 0.393771 0.224515 0.005132 0.002007
16 0.401838 0.224578 0.005143 0.003798
16 0.421522 0.208673 0.005117 0.003620
16 0.498592 0.223385 0.005098 0.003652
16 0.401918 0.260712 0.005169 0.003777
16 0.385237 0.260724 0.005124 0.003664
18 0.385179 0.256811 0.005180 0.002038
18 0.402182 0.267014 0.005131 0.001918
16 0.429017 0.266362 0.005016 0.003529
16 0.210040 0.121363 0.005121 0.003706
18 0.219668 0.121704 0.005109 0.001994
16 0.284559 0.121395 0.005317 0.003573
18 0.294165 0.121650 0.005205 0.001914
16 0.474788 0.120446 0.005239 0.003662
16 0.524963 0.120414 0.005033 0.003657
16 0.760691 0.122424 0.005231 0.003662
16 0.760636 0.172919 0.005108 0.003694
16 0.689229 0.172869 0.005157 0.003837
16 0.617960 0.172893 0.005230 0.003700
16 0.546609 0.172946 0.005067 0.003681
16 0.453528 0.172906 0.005315 0.003683
16 0.382252 0.172927 0.005207 0.003706
16 0.310899 0.172933 0.005044 0.003758
16 0.239511 0.172902 0.005187 0.003638
16 0.239459 0.223417 0.005318 0.003669
16 0.169006 0.239164 0.005171 0.003528
16 0.168993 0.254390 0.005334 0.003640
16 0.239506 0.270475 0.005260 0.003772
16 0.310977 0.270504 0.005305 0.003849
16 0.310918 0.223426 0.005227 0.003668
16 0.498693 0.270485 0.005001 0.003607
19 0.541570 0.249379 0.004930 0.003487
19 0.579060 0.253230 0.005033 0.003654
19 0.539349 0.275128 0.005239 0.003553
19 0.567716 0.276548 0.005207 0.003568
16 0.623581 0.273595 0.005236 0.003618
16 0.611099 0.251499 0.005196 0.003704
16 0.612653 0.226705 0.005273 0.003818
18 0.606920 0.226828 0.005215 0.001964
18 0.601586 0.215030 0.005184 0.001994
16 0.607626 0.215181 0.005084 0.003650
18 0.556439 0.220844 0.002818 0.003648
16 0.556625 0.226663 0.005248 0.003648
16 0.689385 0.270482 0.005399 0.003690
16 0.689212 0.223426 0.005215 0.003690
16 0.760664 0.223418 0.005183 0.003712
16 0.760653 0.270482 0.005171 0.003561
16 0.832348 0.254384 0.005033 0.003537
16 0.832385 0.239259 0.005445 0.003639
16 0.239489 0.371450 0.005247 0.003757
16 0.239464 0.320988 0.005128 0.003729
16 0.310817 0.320969 0.005304 0.003516
16 0.382197 0.320996 0.005152 0.003644
16 0.453590 0.320980 0.005107 0.003739
16 0.546545 0.321002 0.005061 0.003610
16 0.617935 0.321011 0.005262 0.003625
16 0.689360 0.320932 0.005227 0.003739
16 0.760621 0.320952 0.005111 0.003615
16 0.760609 0.371458 0.005157 0.003761
16 0.474666 0.371196 0.005325 0.003793
16 0.524919 0.371141 0.005362 0.003520
16 0.760652 0.535963 0.005386 0.003810
16 0.760662 0.586454 0.005268 0.003639
16 0.760710 0.636970 0.005289 0.003715
16 0.760694 0.684076 0.005238 0.003747
16 0.689323 0.684023 0.005415 0.003546
16 0.689334 0.636930 0.005411 0.003668
16 0.689397 0.586467 0.005192 0.003689
16 0.618012 0.586488 0.005396 0.003695
16 0.546537 0.586495 0.005227 0.003812
16 0.453601 0.586478 0.005297 0.003643
16 0.382213 0.586509 0.005291 0.003723
16 0.310809 0.586484 0.005227 0.003652
16 0.239404 0.586457 0.005267 0.003695
16 0.239480 0.535956 0.005196 0.003644
16 0.239483 0.636988 0.005227 0.003698
16 0.168987 0.652746 0.005375 0.003661
16 0.169058 0.667931 0.005159 0.003635
16 0.239522 0.684009 0.005191 0.003736
16 0.310855 0.683958 0.005171 0.003852
16 0.310814 0.636944 0.005185 0.003844
16 0.385234 0.674267 0.004945 0.003648
18 0.385141 0.670327 0.005184 0.001975
16 0.401990 0.674255 0.005156 0.003769
18 0.402198 0.680546 0.005129 0.001948
18 0.393743 0.638062 0.004969 0.001974
16 0.401850 0.638069 0.005210 0.003746
16 0.421521 0.622210 0.005196 0.003561
16 0.498666 0.636957 0.005179 0.003586
16 0.498586 0.683999 0.005121 0.003762
16 0.429011 0.680011 0.005208 0.003837
16 0.556652 0.640211 0.005221 0.003693
18 0.556463 0.634432 0.002867 0.003759
18 0.601467 0.628542 0.005069 0.001887
16 0.607630 0.628693 0.005016 0.003661
16 0.612724 0.640166 0.005225 0.003726
18 0.606933 0.640312 0.005122 0.001979
19 0.541523 0.663030 0.005172 0.003708
19 0.578977 0.666746 0.005128 0.003577
19 0.539413 0.688740 0.005305 0.003565
19 0.567733 0.690142 0.005153 0.003614
16 0.623528 0.687069 0.005033 0.003624
16 0.611114 0.665063 0.005232 0.003725
16 0.239544 0.785017 0.005381 0.003693
16 0.239478 0.734515 0.005100 0.003717
16 0.310811 0.734539 0.005120 0.003636
16 0.382256 0.734556 0.005121 0.003602
16 0.453562 0.734532 0.005125 0.003679
16 0.546558 0.734532 0.005147 0.003705
16 0.617916 0.734504 0.005237 0.003648
16 0.689222 0.734507 0.005164 0.003653
16 0.760653 0.734542 0.005260 0.003683
16 0.760763 0.785024 0.005275 0.003643
16 0.474766 0.784672 0.005073 0.003589
16 0.524885 0.784731 0.005244 0.003678
16 0.474646 0.534016 0.005050 0.003642
16 0.524936 0.534032 0.005195 0.003698
16 0.832321 0.667891 0.005204 0.003639
16 0.832346 0.652774 0.005198 0.003698