16 0.239539 0.122490 0.005144 0.003681
16 0.239476 0.172937 0.005087 0.003645
16 0.239493 0.223376 0.005143 0.003670
16 0.239500 0.270522 0.005218 0.003708
16 0.168988 0.254327 0.005325 0.003577
16 0.169044 0.239170 0.005303 0.003656
16 0.310872 0.270503 0.005061 0.003699
16 0.310899 0.223391 0.005085 0.003643
16 0.310817 0.172933 0.005244 0.003607
16 0.382197 0.172868 0.005120 0.003599
16 0.453471 0.172908 0.005185 0.003646
16 0.546565 0.172953 0.005060 0.003635
16 0.617944 0.172922 0.005101 0.003585
16 0.689245 0.172883 0.005336 0.003663
16 0.760579 0.172936 0.005268 0.003639
16 0.760689 0.122390 0.005413 0.003628
16 0.474731 0.120408 0.005078 0.003630
16 0.524926 0.120484 0.005007 0.003693
16 0.689265 0.223433 0.005033 0.003683
16 0.760582 0.223363 0.005179 0.003715
16 0.689174 0.270545 0.005296 0.003587
16 0.760675 0.270549 0.005024 0.003686
16 0.832291 0.254387 0.005264 0.003660
16 0.832295 0.239246 0.005194 0.003674
16 0.623499 0.273549 0.004812 0.003517
16 0.610988 0.251450 0.005479 0.003548
16 0.612703 0.226724 0.005135 0.003593
16 0.607527 0.215095 0.005054 0.003812
18 0.601484 0.215052 0.004719 0.001917
18 0.606965 0.226806 0.005080 0.001872
18 0.556482 0.220900 0.002791 0.003746
16 0.556571 0.226722 0.005260 0.003645
19 0.541499 0.249439 0.005201 0.003586
19 0.578996 0.253202 0.005171 0.003556
19 0.539344 0.275197 0.005120 0.003608
19 0.567729 0.276567 0.005121 0.003675
16 0.498502 0.223428 0.005143 0.003586
16 0.498589 0.270558 0.005367 0.003754
16 0.429065 0.266444 0.005140 0.003826
16 0.401967 0.260735 0.005208 0.003685
18 0.402110 0.267027 0.005195 0.001915
18 0.385126 0.256804 0.005158 0.001925
16 0.385191 0.260724 0.005202 0.003649
18 0.393722 0.224541 0.005122 0.001979
16 0.401807 0.224578 0.005122 0.003740
16 0.421411 0.208653 0.005095 0.003735
16 0.239485 0.321048 0.005178 0.003747
16 0.310841 0.320973 0.005162 0.003766
16 0.382302 0.320998 0.005058 0.003785
16 0.453521 0.320980 0.005149 0.003567
16 0.546582 0.320960 0.005126 0.003584
16 0.617942 0.320972 0.005208 0.003654
16 0.689261 0.321020 0.005180 0.003726
16 0.760609 0.321017 0.005212 0.003805
16 0.760656 0.371464 0.005053 0.003617
16 0.474761 0.371223 0.005057 0.003628
16 0.524870 0.371164 0.005131 0.003573
16 0.239524 0.371528 0.005401 0.003615
16 0.760607 0.572511 0.005449 0.003715
16 0.760658 0.622920 0.005232 0.003678
16 0.760697 0.673401 0.005130 0.003698
16 0.760728 0.720495 0.005183 0.003712
16 0.689283 0.720513 0.005201 0.003703
16 0.689337 0.673413 0.005294 0.003745
16 0.689313 0.622925 0.005151 0.003561
16 0.617963 0.622877 0.005347 0.003695
16 0.546566 0.622886 0.005203 0.003612
16 0.453518 0.622869 0.005235 0.003552
16 0.382227 0.622916 0.005328 0.003641
16 0.310900 0.622904 0.005174 0.003642
16 0.239473 0.622900 0.005137 0.003658
16 0.239500 0.572502 0.005280 0.003700
16 0.239557 0.673414 0.005265 0.003701
16 0.239503 0.720500 0.005162 0.003629
16 0.310882 0.720534 0.005124 0.003664
16 0.310874 0.673355 0.005224 0.003620
16 0.401883 0.674545 0.005172 0.003642
18 0.393767 0.674856 0.005195 0.001944
18 0.393836 0.713144 0.005240 0.001985
16 0.385130 0.712487 0.005281 0.003619
16 0.429042 0.716380 0.005098 0.003665
16 0.421462 0.658678 0.005207 0.003631
16 0.498627 0.673419 0.005033 0.003633
16 0.498602 0.720436 0.005186 0.003687
19 0.539330 0.725185 0.005210 0.003686
19 0.567741 0.726518 0.005068 0.003641
19 0.541592 0.699449 0.005184 0.003611
19 0.578947 0.703205 0.005200 0.003586
16 0.611075 0.701449 0.005217 0.003584
16 0.623639 0.723541 0.005173 0.003541
16 0.611714 0.665158 0.005078 0.003710
18 0.611730 0.671125 0.005111 0.001938
18 0.556427 0.670880 0.002892 0.003661
16 0.556640 0.676695 0.005328 0.003704
16 0.760718 0.821457 0.005306 0.003678
16 0.760622 0.770938 0.005075 0.003694
16 0.689382 0.770994 0.005120 0.003782
16 0.617914 0.771004 0.005256 0.003680
16 0.546598 0.770952 0.005171 0.003625
16 0.453603 0.770986 0.005289 0.003664
16 0.382220 0.770937 0.005201 0.003660
16 0.310824 0.770970 0.005227 0.003729
16 0.239478 0.770984 0.005276 0.003668
16 0.239465 0.821454 0.005218 0.003691