16 0.239433 0.122425 0.005183 0.003580
16 0.239479 0.172962 0.005147 0.003625
16 0.239423 0.223397 0.005195 0.003766
16 0.239462 0.270527 0.005351 0.003610
16 0.310868 0.172952 0.005092 0.003747
16 0.310841 0.223457 0.005169 0.003609
16 0.310824 0.270564 0.005271 0.003657
16 0.401837 0.224575 0.005059 0.003633
18 0.393728 0.224557 0.005059 0.002050
16 0.421390 0.208662 0.005292 0.003669
16 0.385075 0.262453 0.005100 0.003608
18 0.393887 0.263116 0.005175 0.002034
16 0.429001 0.266442 0.005174 0.003642
16 0.498605 0.223387 0.005138 0.003679
16 0.498664 0.270524 0.005179 0.003629
19 0.539307 0.275161 0.005033 0.003610
19 0.567714 0.276578 0.005068 0.003715
19 0.578970 0.253183 0.005227 0.003533
19 0.541557 0.249497 0.005114 0.003675
18 0.556409 0.220868 0.002726 0.003688
16 0.556649 0.226686 0.005063 0.003751
18 0.611759 0.221136 0.005054 0.001981
16 0.611774 0.215159 0.004962 0.003683
16 0.611043 0.251421 0.005210 0.003515
16 0.623555 0.273559 0.005117 0.003521
16 0.689256 0.223376 0.005370 0.003611
16 0.689293 0.270507 0.004984 0.003631
16 0.760611 0.270509 0.005160 0.003689
16 0.760649 0.223411 0.004911 0.003648
16 0.760637 0.172994 0.005163 0.003692
16 0.760678 0.122487 0.005227 0.003698
16 0.689234 0.172916 0.005151 0.003728
16 0.617950 0.172927 0.005174 0.003712
16 0.546562 0.172931 0.005224 0.003664
16 0.453525 0.172918 0.005053 0.003720
16 0.382170 0.172898 0.005260 0.003785
16 0.239422 0.371427 0.005334 0.003720
16 0.239384 0.321019 0.005259 0.003720
16 0.310858 0.320996 0.005145 0.003679
16 0.382199 0.320929 0.005153 0.003704
16 0.453557 0.320979 0.005264 0.003705
16 0.546622 0.321001 0.005186 0.003705
16 0.617913 0.320945 0.005183 0.003681
16 0.689276 0.321017 0.005116 0.003698
16 0.760609 0.320950 0.005157 0.003761
16 0.760621 0.371450 0.005092 0.003685
16 0.760676 0.821450 0.005241 0.003644
16 0.760641 0.770961 0.005362 0.003706
16 0.689359 0.770975 0.005260 0.003645
16 0.617936 0.771040 0.005152 0.003676
16 0.546644 0.770994 0.005259 0.003667
16 0.453539 0.771009 0.005200 0.003637
16 0.382240 0.770989 0.005125 0.003723
16 0.310874 0.771036 0.005415 0.003747
16 0.239480 0.770968 0.005405 0.003678
16 0.239516 0.821475 0.005269 0.003644
16 0.239458 0.720520 0.005418 0.003739
16 0.239504 0.673378 0.005020 0.003698
16 0.239445 0.622886 0.005325 0.003682
16 0.239568 0.572492 0.005227 0.003652
16 0.310948 0.622940 0.005060 0.003580
16 0.310877 0.673386 0.005156 0.003648
16 0.310874 0.720482 0.005174 0.003660
16 0.385040 0.712485 0.005274 0.003638
18 0.393875 0.713151 0.005100 0.002052
16 0.429039 0.716477 0.005259 0.003845
16 0.401871 0.674562 0.005103 0.003642
18 0.393732 0.674513 0.005218 0.001976
16 0.421447 0.658698 0.005151 0.003548
16 0.498576 0.673373 0.005216 0.003593
16 0.498560 0.720488 0.005166 0.003584
19 0.539331 0.725141 0.005218 0.003649
19 0.567664 0.726560 0.005179 0.003683
19 0.579043 0.703187 0.005167 0.003568
19 0.541596 0.699455 0.005198 0.003695
18 0.556444 0.670924 0.002731 0.003807
16 0.556685 0.676691 0.005221 0.003693
18 0.611744 0.671154 0.005232 0.002132
16 0.611744 0.665098 0.005166 0.003608
16 0.611004 0.701376 0.005235 0.003752
16 0.623466 0.723522 0.005027 0.003556
16 0.382155 0.622920 0.005210 0.003686
16 0.453551 0.622919 0.005196 0.003698
16 0.546621 0.622904 0.005206 0.003682
16 0.617966 0.622904 0.005262 0.003633
16 0.689297 0.622912 0.005293 0.003584
16 0.689354 0.673370 0.005436 0.003810
16 0.689296 0.720504 0.005229 0.003679
16 0.760694 0.720486 0.005342 0.003683
16 0.760615 0.673375 0.005145 0.003699
16 0.760690 0.622910 0.005114 0.003636
16 0.760654 0.572434 0.005160 0.003794