18 0.393749 0.224482 0.005040 0.001934
16 0.401901 0.224547 0.005224 0.003710
16 0.385160 0.262427 0.005154 0.003663
18 0.393859 0.263138 0.005179 0.001969
16 0.433779 0.259291 0.005191 0.003692
16 0.414912 0.276021 0.005142 0.003567
16 0.421456 0.208661 0.005135 0.003609
16 0.508822 0.276358 0.005229 0.003580
16 0.556663 0.226643 0.005186 0.003741
18 0.556473 0.220834 0.005211 0.001942
18 0.611752 0.221144 0.005143 0.002064
16 0.611752 0.215184 0.005435 0.003715
16 0.630959 0.231746 0.004981 0.003607
18 0.611777 0.238347 0.005152 0.001948
16 0.615574 0.263889 0.005218 0.003605
16 0.330031 0.249524 0.005033 0.003683
16 0.329999 0.679743 0.005269 0.003644
16 0.385097 0.691543 0.005146 0.003662
18 0.393927 0.692265 0.005185 0.001971
16 0.433048 0.687919 0.005348 0.003672
16 0.414985 0.705193 0.005033 0.003681
16 0.401848 0.653654 0.005150 0.003643
18 0.393786 0.653644 0.005355 0.002049
16 0.421454 0.637789 0.005217 0.003736
16 0.556621 0.655721 0.005193 0.003700
18 0.556473 0.650250 0.005340 0.002032
18 0.611789 0.650270 0.005115 0.002067
16 0.611728 0.644250 0.005236 0.003726
18 0.611779 0.667466 0.005186 0.001913
16 0.631003 0.660764 0.004882 0.003604
16 0.615299 0.693027 0.005180 0.003587
16 0.571000 0.725474 0.005208 0.003669
16 0.509915 0.705464 0.005264 0.003708
16 0.571035 0.781007 0.005277 0.003762
24 0.429121 0.208621 0.005218 0.003679
24 0.429145 0.637774 0.005181 0.003731