19 0.440747 0.503845 0.005107 0.007283
19 0.464487 0.503853 0.005083 0.007195
19 0.612008 0.503877 0.005099 0.007242
19 0.635769 0.503853 0.005116 0.007242
19 0.783221 0.522352 0.005094 0.007196
11 0.448778 0.496248 0.005033 0.007230
11 0.456421 0.497885 0.004885 0.007099
11 0.777268 0.513311 0.005095 0.007032
11 0.620041 0.497830 0.004964 0.007124
11 0.627655 0.497764 0.004918 0.007081
28 0.381377 0.540144 0.005251 0.006905
28 0.520407 0.536861 0.005190 0.007551
28 0.556106 0.536886 0.005061 0.007489
28 0.691647 0.536882 0.005191 0.007475
28 0.729618 0.538407 0.005458 0.007530
37 0.381386 0.502981 0.005288 0.007234
37 0.381379 0.521491 0.005243 0.007189
37 0.519323 0.521590 0.005291 0.007143
37 0.557142 0.521528 0.005288 0.007248
37 0.690621 0.521581 0.005271 0.007174
37 0.728394 0.524065 0.005283 0.007350
39 0.381365 0.508062 0.005292 0.007230
39 0.534537 0.498872 0.005270 0.007046
39 0.541971 0.498846 0.005229 0.007008
37 0.534524 0.512044 0.005272 0.007733
37 0.541945 0.511984 0.005227 0.007711
39 0.705797 0.498821 0.005196 0.007100
39 0.713199 0.498796 0.005228 0.007151
37 0.705768 0.511991 0.005294 0.007789
37 0.713202 0.512062 0.005257 0.007765