19 0.440740 0.503846 0.005038 0.007307
19 0.464496 0.503858 0.005080 0.007257
19 0.612003 0.503859 0.005096 0.007311
19 0.635765 0.503867 0.005127 0.007219
19 0.756486 0.491195 0.005107 0.007182
19 0.783239 0.522336 0.005054 0.007209
19 0.762137 0.336334 0.005102 0.007242
19 0.746040 0.334679 0.005139 0.007230
11 0.448790 0.496276 0.005015 0.007252
11 0.456423 0.497818 0.004962 0.007176
11 0.620149 0.497832 0.005254 0.007168
11 0.627625 0.497821 0.005024 0.007164
11 0.777223 0.513406 0.005002 0.007044
11 0.760390 0.412639 0.005033 0.007404
28 0.381368 0.539977 0.005218 0.006922
28 0.520397 0.536885 0.005181 0.007452
28 0.556088 0.536932 0.005152 0.007426
28 0.691642 0.536884 0.005156 0.007473
28 0.729628 0.538416 0.005482 0.007475
28 0.767912 0.430555 0.005258 0.007155
28 0.764341 0.294255 0.005297 0.007289
11 0.728688 0.294283 0.005257 0.007275
11 0.750067 0.481138 0.005260 0.007250
28 0.736974 0.361962 0.005292 0.007335