19 0.158281 0.436031 0.005078 0.007141
19 0.119607 0.486557 0.005085 0.007177
19 0.321206 0.436041 0.005105 0.007174
19 0.359880 0.486585 0.005069 0.007271
19 0.440748 0.503814 0.005078 0.007170
19 0.464474 0.503812 0.005094 0.007251
19 0.611987 0.503772 0.005066 0.007211
19 0.635762 0.503754 0.005028 0.007215
19 0.783227 0.522313 0.005051 0.007189
19 0.756494 0.491144 0.005203 0.007276
19 0.762210 0.336272 0.005097 0.007215
19 0.746117 0.334572 0.005115 0.007241
11 0.164231 0.424244 0.005128 0.007220
11 0.315264 0.424251 0.005176 0.007134
11 0.448799 0.496178 0.005069 0.007198
11 0.456455 0.497770 0.004969 0.006965
11 0.619992 0.497708 0.005051 0.006958
11 0.627670 0.497724 0.004960 0.006973
11 0.777240 0.513201 0.005110 0.007359
11 0.750208 0.481061 0.005160 0.007363
11 0.760366 0.412602 0.005052 0.007297
11 0.728835 0.294175 0.005104 0.007292
28 0.172856 0.454629 0.004891 0.007811
28 0.306799 0.454644 0.005306 0.007808
28 0.381357 0.540099 0.005193 0.006871
28 0.520398 0.536801 0.005127 0.007442
28 0.556096 0.536803 0.005151 0.007465
28 0.691644 0.536785 0.005183 0.007386
28 0.729650 0.538327 0.005527 0.007519
28 0.767927 0.430568 0.005248 0.007344
28 0.764352 0.294195 0.005336 0.007260
28 0.737053 0.361825 0.005290 0.007244