19 0.119597 0.440078 0.005081 0.007223
19 0.158295 0.389524 0.005142 0.007259
19 0.321227 0.389497 0.005114 0.007093
19 0.359881 0.440060 0.005077 0.007187
19 0.440760 0.457304 0.005107 0.007230
19 0.464498 0.457296 0.005099 0.007218
19 0.611996 0.457303 0.005064 0.007250
19 0.635756 0.457282 0.005058 0.007213
19 0.783225 0.475840 0.005057 0.007199
19 0.756472 0.444694 0.005097 0.007189
19 0.762141 0.289790 0.005121 0.007289
19 0.746040 0.288114 0.005106 0.007209
11 0.164253 0.377723 0.005118 0.007264
11 0.315236 0.377731 0.005154 0.007205
11 0.448767 0.449765 0.005071 0.007199
11 0.456325 0.451289 0.005250 0.007031
11 0.620135 0.451357 0.005323 0.007119
11 0.627667 0.451292 0.004976 0.007025
11 0.777264 0.466918 0.005107 0.007065
11 0.750180 0.434623 0.005107 0.007329
11 0.760364 0.366127 0.005041 0.007373
11 0.728790 0.247766 0.005041 0.007263
28 0.172669 0.408169 0.005265 0.007767
28 0.306809 0.408146 0.005304 0.007802
28 0.381373 0.493467 0.005229 0.006883
28 0.520402 0.490332 0.005126 0.007580
28 0.556111 0.490334 0.005128 0.007572
28 0.691634 0.490340 0.005142 0.007542
28 0.729626 0.491884 0.005477 0.007568
28 0.767900 0.384084 0.005295 0.007218
28 0.736960 0.315431 0.005321 0.007224
28 0.764317 0.247764 0.005296 0.007324