19 0.119605 0.452214 0.005110 0.007257
19 0.158280 0.401693 0.005126 0.007164
19 0.321200 0.401685 0.005113 0.007175
19 0.359874 0.452243 0.005117 0.007289
19 0.440773 0.469487 0.005080 0.007250
19 0.464495 0.469476 0.005067 0.007198
19 0.612018 0.469521 0.005057 0.007238
19 0.635740 0.469509 0.005077 0.007238
19 0.783232 0.487996 0.005069 0.007259
19 0.756470 0.456868 0.005082 0.007240
19 0.762139 0.301971 0.005118 0.007217
19 0.746044 0.300300 0.005138 0.007185
11 0.164236 0.389889 0.005144 0.007201
11 0.315249 0.389924 0.005155 0.007159
11 0.448770 0.461891 0.005054 0.007262
11 0.456412 0.463482 0.004996 0.006978
11 0.619997 0.463485 0.005072 0.006983
11 0.627658 0.463451 0.004940 0.006977
11 0.777204 0.479088 0.005108 0.007120
11 0.750182 0.446785 0.005052 0.007299
11 0.760355 0.378292 0.005052 0.007396
11 0.728776 0.259901 0.005033 0.007273
28 0.172709 0.419744 0.005234 0.007303
28 0.306792 0.419732 0.005280 0.007265
28 0.381955 0.505514 0.005224 0.007136
28 0.520405 0.502491 0.005134 0.007533
28 0.556081 0.502501 0.005140 0.007457
28 0.691638 0.502531 0.005151 0.007492
28 0.729629 0.504088 0.005487 0.007515
28 0.767900 0.396238 0.005303 0.007254
28 0.736963 0.327594 0.005290 0.007317
28 0.764326 0.259876 0.005238 0.007173
39 0.214769 0.417957 0.005103 0.007433
37 0.220604 0.409745 0.005310 0.007179
37 0.220574 0.401303 0.005269 0.007173
37 0.258917 0.401284 0.005227 0.007183
37 0.258911 0.409726 0.005281 0.007224
39 0.264730 0.417970 0.005110 0.007441
37 0.381981 0.468634 0.005269 0.007259
39 0.381980 0.473762 0.005293 0.007222
37 0.381980 0.487264 0.005276 0.007155
37 0.519323 0.487249 0.005323 0.007238
39 0.534538 0.464470 0.005247 0.007150
39 0.541928 0.464491 0.005285 0.007126
37 0.534515 0.477649 0.005226 0.007733
37 0.541945 0.477649 0.005246 0.007768
37 0.557147 0.487242 0.005305 0.007265
37 0.690613 0.487235 0.005319 0.007248
39 0.705797 0.464507 0.005259 0.007132
39 0.713165 0.464473 0.005300 0.007176
37 0.705759 0.477660 0.005329 0.007773
37 0.713180 0.477603 0.005260 0.007780
37 0.728402 0.489705 0.005299 0.007260
37 0.788424 0.394548 0.005292 0.007225
37 0.767902 0.385340 0.005245 0.007230
39 0.788445 0.379455 0.005276 0.007221
37 0.747628 0.396072 0.005094 0.007468
37 0.741624 0.396078 0.005076 0.007402
39 0.737006 0.389528 0.005281 0.007240
37 0.728679 0.245063 0.005255 0.006728
37 0.758144 0.261553 0.005333 0.007144
39 0.758131 0.246420 0.005298 0.007291