28 0.311050 0.509130 0.002942 0.004126
28 0.316824 0.636867 0.002743 0.004008
28 0.411425 0.509147 0.002750 0.004035
28 0.608781 0.567976 0.002834 0.003904
38 0.240198 0.523318 0.002882 0.003882
37 0.282870 0.509042 0.002729 0.004038
37 0.285467 0.509020 0.002434 0.004038
39 0.297676 0.509122 0.002815 0.003986
38 0.323447 0.631043 0.002844 0.003912
38 0.240173 0.611360 0.002821 0.003892
39 0.423883 0.509082 0.002743 0.003991
37 0.437568 0.509129 0.002546 0.004059
37 0.440120 0.509121 0.002447 0.004075
38 0.448345 0.493817 0.002889 0.003902
38 0.479226 0.648639 0.002870 0.004039
37 0.608761 0.548514 0.002886 0.003807
37 0.608705 0.550794 0.002914 0.003768
39 0.608719 0.556179 0.002937 0.003826
38 0.642731 0.636874 0.002796 0.004021
37 0.678924 0.514059 0.002830 0.003827
37 0.678917 0.516935 0.002815 0.003788
39 0.678889 0.520841 0.002844 0.003827
38 0.732457 0.512107 0.002854 0.004040
38 0.692014 0.461525 0.002799 0.003896
38 0.732436 0.609973 0.002848 0.003876