22 0.287577 0.317366 0.004345 0.006352
22 0.378885 0.325549 0.004584 0.006235
22 0.455368 0.325637 0.004583 0.006062
22 0.550513 0.329142 0.004632 0.006041
27 0.550568 0.324520 0.006346 0.003408
27 0.645652 0.324444 0.006334 0.003563
22 0.645673 0.329269 0.004614 0.005790
22 0.687371 0.311519 0.004320 0.006434
22 0.544620 0.430193 0.004187 0.006433
22 0.449581 0.431699 0.004129 0.006500
22 0.387357 0.431678 0.004340 0.006528
22 0.387362 0.496530 0.004388 0.006603
23 0.660681 0.520941 0.010462 0.003436
23 0.699209 0.520951 0.010404 0.003366
23 0.699148 0.507594 0.010298 0.003563
23 0.660586 0.507443 0.010396 0.003246
23 0.613510 0.507489 0.010337 0.003303
23 0.570704 0.507512 0.010337 0.003257
23 0.570715 0.449179 0.010483 0.003540
23 0.613547 0.449215 0.010354 0.003665
23 0.660616 0.449098 0.010304 0.003521
23 0.660682 0.466891 0.010259 0.003144
23 0.699186 0.449077 0.010532 0.003472
23 0.699114 0.466846 0.010387 0.003472
23 0.663137 0.411751 0.010398 0.003422
23 0.698426 0.411744 0.010295 0.003401
23 0.233447 0.412185 0.010409 0.003099
23 0.267509 0.412300 0.010292 0.003529
23 0.232114 0.521577 0.010443 0.003331
23 0.270525 0.521599 0.010311 0.003266
23 0.270507 0.508140 0.010276 0.003266
23 0.232054 0.508171 0.010302 0.003468
23 0.232002 0.468319 0.010359 0.003356
23 0.270565 0.468286 0.010341 0.003394
23 0.270549 0.449830 0.010362 0.003381
23 0.232001 0.449738 0.010368 0.003312
23 0.317631 0.449994 0.010306 0.003563
23 0.360486 0.449826 0.010408 0.003359
23 0.360435 0.508159 0.010454 0.003289
23 0.317695 0.508189 0.010346 0.003464
23 0.340446 0.406156 0.010305 0.003563
23 0.365406 0.273818 0.010381 0.003516
23 0.563552 0.300525 0.010465 0.003450
23 0.529073 0.300569 0.010387 0.003239
23 0.491719 0.300615 0.010633 0.003358