22 0.223176 0.329242 0.004602 0.006047
27 0.223146 0.324366 0.006347 0.003449
25 0.286730 0.344923 0.003075 0.009092
22 0.275922 0.360982 0.004629 0.006028
23 0.233467 0.412351 0.010431 0.003511
23 0.268290 0.412221 0.010337 0.003446
23 0.232006 0.449676 0.010303 0.003340
23 0.270548 0.449853 0.010437 0.003413
23 0.232046 0.468589 0.010377 0.003293
23 0.270525 0.468455 0.010451 0.003365
23 0.232018 0.508244 0.010325 0.003654
23 0.232030 0.521571 0.010402 0.003523
23 0.270486 0.521549 0.010412 0.003405
23 0.270562 0.508193 0.010341 0.003369
23 0.317726 0.508190 0.010454 0.003352
23 0.317652 0.449774 0.010437 0.003301
23 0.360473 0.449827 0.010511 0.003406
23 0.360458 0.508000 0.010409 0.003478
23 0.399283 0.508123 0.010419 0.003100
23 0.399260 0.449757 0.010691 0.003589
23 0.442030 0.449791 0.010442 0.003695
23 0.489130 0.449692 0.010198 0.003581
23 0.489059 0.467514 0.010451 0.003528
23 0.527615 0.449781 0.010463 0.003602
23 0.527647 0.467410 0.010430 0.003398
23 0.527655 0.509121 0.010402 0.003484
23 0.527684 0.521587 0.010248 0.003434
23 0.489146 0.521532 0.010577 0.003356
23 0.489073 0.509088 0.010358 0.003460
23 0.442022 0.508064 0.010390 0.003311
23 0.575147 0.507972 0.010327 0.003501
23 0.618019 0.508110 0.010359 0.003894
23 0.665090 0.509130 0.010499 0.003451
23 0.703597 0.509132 0.010371 0.003568
23 0.703653 0.521481 0.010511 0.003213
23 0.665064 0.521621 0.010511 0.003353
23 0.665132 0.467438 0.010356 0.003594
23 0.703581 0.467519 0.010482 0.003531
23 0.703649 0.449806 0.010349 0.003732
23 0.665089 0.449759 0.010447 0.003356
23 0.617949 0.449734 0.010401 0.003695
23 0.575197 0.449759 0.010499 0.003507
23 0.599569 0.400811 0.010307 0.003415
23 0.663163 0.416470 0.010421 0.003396
23 0.697726 0.416532 0.010281 0.003582
25 0.699577 0.324378 0.006379 0.004308
22 0.687439 0.313871 0.004242 0.006609
27 0.719285 0.244119 0.002673 0.008986
22 0.715794 0.244095 0.004109 0.006385
27 0.550644 0.324451 0.006380 0.003387
22 0.550617 0.329174 0.004626 0.005984
22 0.454987 0.329232 0.004625 0.005910
27 0.454937 0.324437 0.006475 0.003398
27 0.381623 0.324502 0.006483 0.003475
22 0.381569 0.329336 0.004562 0.005892
23 0.340509 0.406088 0.010228 0.003517
23 0.497316 0.414819 0.010484 0.003343
23 0.531327 0.414869 0.010377 0.003343
27 0.645639 0.324483 0.006382 0.003595
22 0.645616 0.329318 0.004629 0.005694
23 0.433135 0.400925 0.010388 0.003639