22 0.223108 0.329096 0.004584 0.006139
27 0.223186 0.324388 0.006404 0.003595
22 0.275932 0.360933 0.004701 0.006016
27 0.381656 0.324544 0.006379 0.003480
22 0.381612 0.329163 0.004477 0.005841
27 0.455634 0.324502 0.006377 0.003582
22 0.455624 0.329278 0.004629 0.005737
22 0.550505 0.329181 0.004572 0.006014
27 0.550493 0.324490 0.006442 0.003432
27 0.645652 0.324459 0.006334 0.003592
22 0.645663 0.329150 0.004593 0.005849
25 0.699939 0.324393 0.006433 0.004476
22 0.687251 0.314092 0.004448 0.006471
23 0.664702 0.245148 0.010423 0.003455
27 0.719182 0.245504 0.002780 0.008991
22 0.715707 0.245426 0.004170 0.006444
23 0.400183 0.449649 0.010281 0.003411
23 0.442981 0.449700 0.010412 0.003582
23 0.490038 0.449769 0.010295 0.003812
23 0.528590 0.449583 0.010292 0.003580
23 0.528601 0.466936 0.010403 0.003345
23 0.490059 0.467051 0.010298 0.003334
23 0.400105 0.507927 0.010330 0.003357
23 0.442993 0.507966 0.010303 0.003511
23 0.490096 0.508989 0.010310 0.003620
23 0.528574 0.508907 0.010286 0.003408
23 0.528604 0.521352 0.010522 0.003482
23 0.490063 0.521475 0.010326 0.003458
23 0.666079 0.521402 0.010286 0.003408
23 0.704645 0.521422 0.010491 0.003488
23 0.704550 0.508965 0.010303 0.003661
23 0.666061 0.508907 0.010395 0.003408
23 0.666084 0.467075 0.010304 0.003395
23 0.704575 0.466955 0.010429 0.003307
23 0.704526 0.449616 0.010352 0.003526
23 0.666075 0.449616 0.010586 0.003526
23 0.618946 0.449680 0.010323 0.003452
23 0.576161 0.449599 0.010381 0.003465
23 0.576129 0.507925 0.010188 0.003333
23 0.618972 0.507921 0.010332 0.003375
23 0.433988 0.402594 0.010419 0.003278
23 0.498433 0.413893 0.010359 0.003293
23 0.532873 0.413909 0.010434 0.003486
23 0.662613 0.417038 0.010491 0.003477
23 0.697909 0.416980 0.010439 0.003434
23 0.600537 0.399053 0.010465 0.003653
25 0.286662 0.344948 0.003171 0.009121