10 0.369527 0.310452 0.003529 0.006603
10 0.369541 0.345771 0.003536 0.006484
10 0.396915 0.310408 0.003536 0.006483
10 0.401910 0.310378 0.003439 0.006459
10 0.396904 0.345793 0.003542 0.006466
10 0.401873 0.345792 0.003567 0.006460
10 0.396896 0.381140 0.003538 0.006413
10 0.401921 0.381128 0.003472 0.006470
10 0.369529 0.381127 0.003575 0.006463
10 0.429224 0.310416 0.003502 0.006357
10 0.434251 0.310448 0.003417 0.006571
10 0.429217 0.345833 0.003530 0.006509
10 0.434264 0.345722 0.003484 0.006532
10 0.429229 0.381171 0.003513 0.006432
10 0.434273 0.381186 0.003529 0.006545
10 0.461607 0.381161 0.003499 0.006332
10 0.461634 0.345772 0.003548 0.006377
10 0.461612 0.310386 0.003536 0.006343
10 0.299796 0.554495 0.003489 0.006511
10 0.272476 0.554621 0.003514 0.006462
10 0.267456 0.554497 0.003439 0.006319
10 0.240131 0.554517 0.003461 0.006541
10 0.235052 0.554534 0.003565 0.006440
10 0.207782 0.554528 0.003518 0.006580
10 0.207704 0.589951 0.003514 0.006554
10 0.235099 0.589931 0.003523 0.006491
10 0.240080 0.589902 0.003355 0.006550
10 0.235103 0.625278 0.003547 0.006484
10 0.240145 0.625286 0.003484 0.006594
10 0.207714 0.625286 0.003459 0.006577
10 0.267468 0.625280 0.003408 0.006475
10 0.272477 0.625249 0.003500 0.006408
10 0.267452 0.589877 0.003485 0.006416
10 0.272451 0.589891 0.003548 0.006438
10 0.299807 0.589914 0.003515 0.006417
10 0.299788 0.625245 0.003531 0.006539
10 0.369867 0.554577 0.003475 0.006505
10 0.369849 0.583885 0.003482 0.006437
10 0.401872 0.589864 0.003484 0.006516
10 0.396908 0.625227 0.003485 0.006569
10 0.401847 0.625281 0.003531 0.006515
10 0.396902 0.554578 0.003486 0.006361
10 0.401869 0.554546 0.003489 0.006498
10 0.429237 0.554539 0.003502 0.006566
10 0.434244 0.554550 0.003453 0.006500
10 0.429247 0.589928 0.003480 0.006444
10 0.434290 0.589915 0.003406 0.006575
10 0.429195 0.625342 0.003489 0.006548
10 0.434343 0.625286 0.003404 0.006511
10 0.461632 0.625347 0.003575 0.006548
10 0.466559 0.625315 0.003629 0.006484
10 0.461638 0.589891 0.003485 0.006381
10 0.466585 0.589931 0.003607 0.006515
10 0.461602 0.554521 0.003519 0.006382
10 0.466646 0.554551 0.003460 0.006400
10 0.493946 0.554544 0.003456 0.006405
10 0.498993 0.554527 0.003424 0.006543
10 0.493900 0.589915 0.003449 0.006382
10 0.498921 0.589928 0.003376 0.006562
10 0.493937 0.625286 0.003500 0.006577
10 0.498968 0.625273 0.003445 0.006650
10 0.526342 0.625279 0.003530 0.006533
10 0.531338 0.625303 0.003530 0.006581
10 0.526325 0.589891 0.003512 0.006486
10 0.531327 0.589890 0.003479 0.006491
10 0.526306 0.554518 0.003513 0.006399
10 0.531327 0.554590 0.003558 0.006393
10 0.558645 0.554509 0.003484 0.006419
10 0.563762 0.554445 0.003448 0.006355
10 0.558677 0.589886 0.003525 0.006383
10 0.563697 0.589946 0.003426 0.006560
10 0.558637 0.625376 0.003503 0.006506
10 0.563716 0.625283 0.003573 0.006630
10 0.591024 0.625358 0.003492 0.006630
10 0.596082 0.625350 0.003366 0.006684
10 0.591010 0.589956 0.003554 0.006529
10 0.596058 0.589894 0.003453 0.006566
10 0.591053 0.554606 0.003470 0.006620
10 0.596045 0.554522 0.003450 0.006481
10 0.623362 0.554508 0.003427 0.006467
10 0.628460 0.554536 0.003427 0.006655
10 0.623364 0.589863 0.003479 0.006413
10 0.628445 0.589960 0.003387 0.006478
10 0.623383 0.625324 0.003481 0.006544
10 0.628449 0.625281 0.003430 0.006550
10 0.655744 0.625302 0.003488 0.006517
10 0.660796 0.625354 0.003499 0.006568
10 0.655759 0.589937 0.003532 0.006417
10 0.660785 0.589913 0.003448 0.006486
10 0.655757 0.554582 0.003488 0.006474
10 0.660770 0.554562 0.003447 0.006450
10 0.688084 0.554552 0.003444 0.006486
10 0.693130 0.554595 0.003460 0.006571
10 0.688075 0.589896 0.003552 0.006372
10 0.693146 0.589970 0.003503 0.006460
10 0.688098 0.625314 0.003513 0.006515
10 0.693157 0.625325 0.003486 0.006538
10 0.722329 0.625235 0.003436 0.006477
10 0.722328 0.589920 0.003583 0.006438
10 0.722324 0.554551 0.003478 0.006413