10 0.272475 0.310506 0.003466 0.006643
10 0.299934 0.310386 0.003841 0.006371
10 0.272425 0.345732 0.003534 0.006316
10 0.299903 0.345822 0.003830 0.006366
10 0.272462 0.381138 0.003375 0.006393
10 0.299915 0.381197 0.003760 0.006449
14 0.292103 0.403435 0.002019 0.005995
14 0.377318 0.403475 0.002028 0.006118
10 0.369553 0.381166 0.003445 0.006498
10 0.369546 0.345796 0.003409 0.006500
10 0.369558 0.310412 0.003475 0.006410
10 0.396905 0.310416 0.003491 0.006437
10 0.401910 0.310446 0.003521 0.006497
10 0.396882 0.345840 0.003503 0.006417
10 0.401911 0.345827 0.003447 0.006560
10 0.396890 0.381156 0.003507 0.006345
10 0.401905 0.381147 0.003514 0.006598
14 0.421565 0.403499 0.002058 0.006116
14 0.442003 0.403530 0.002051 0.006283
10 0.429239 0.381208 0.003538 0.006445
10 0.434307 0.381129 0.003388 0.006498
10 0.429247 0.345761 0.003485 0.006417
10 0.434282 0.345839 0.003496 0.006365
10 0.461561 0.345834 0.003578 0.006330
10 0.466607 0.345815 0.003471 0.006671
10 0.429234 0.310347 0.003484 0.006484
10 0.434270 0.310475 0.003466 0.006419
10 0.461613 0.310444 0.003536 0.006431
10 0.466626 0.310458 0.003436 0.006460
10 0.493943 0.310485 0.003495 0.006392
10 0.493946 0.345806 0.003477 0.006393
10 0.493939 0.381158 0.003455 0.006489
10 0.461620 0.381194 0.003550 0.006542
10 0.466553 0.381123 0.003570 0.006532
14 0.486238 0.403484 0.002117 0.006017
10 0.692839 0.310366 0.003462 0.006529
10 0.692801 0.345765 0.003517 0.006481
10 0.722356 0.310451 0.003498 0.006441
10 0.722345 0.345783 0.003469 0.006343
10 0.722333 0.381186 0.003486 0.006445
10 0.692818 0.381166 0.003459 0.006463
14 0.700526 0.403478 0.002045 0.006213
14 0.182779 0.531618 0.001997 0.006147
14 0.227698 0.532146 0.002057 0.006176
14 0.247510 0.532186 0.002008 0.005965
14 0.292390 0.532158 0.001988 0.006194
14 0.312209 0.532182 0.002062 0.006121
14 0.357096 0.532173 0.002026 0.006074
14 0.376944 0.532130 0.001958 0.006197
14 0.421823 0.532177 0.001992 0.006093
14 0.441648 0.532198 0.002088 0.006078
14 0.486513 0.532186 0.002086 0.006110
14 0.506370 0.532192 0.002046 0.006136
14 0.551264 0.532181 0.002046 0.005990
14 0.571057 0.532145 0.001996 0.006112
14 0.615974 0.532152 0.002004 0.006095
14 0.635729 0.532131 0.002057 0.006197
14 0.680647 0.532085 0.002103 0.006235
14 0.700497 0.532178 0.002020 0.006213
10 0.175243 0.554565 0.003789 0.006442
10 0.175264 0.589935 0.003800 0.006421
10 0.175246 0.625262 0.003835 0.006509
10 0.202557 0.625208 0.003186 0.006483
10 0.207799 0.625296 0.003467 0.006600
10 0.202583 0.589858 0.003166 0.006400
10 0.207753 0.589884 0.003460 0.006465
10 0.202578 0.554566 0.003116 0.006426
10 0.207774 0.554498 0.003498 0.006448
10 0.235050 0.554492 0.003503 0.006444
10 0.240166 0.554496 0.003377 0.006366
10 0.235075 0.589864 0.003485 0.006381
10 0.240151 0.589945 0.003561 0.006488
10 0.235087 0.625280 0.003495 0.006471
10 0.240092 0.625326 0.003588 0.006527
10 0.267440 0.625239 0.003429 0.006548
10 0.272483 0.625324 0.003457 0.006586
10 0.267464 0.589894 0.003418 0.006515
10 0.272468 0.589953 0.003522 0.006553
10 0.267432 0.554595 0.003429 0.006468
10 0.272531 0.554617 0.003440 0.006490
10 0.299837 0.554518 0.003500 0.006492
10 0.304877 0.554564 0.003408 0.006445
10 0.299816 0.589934 0.003540 0.006408
10 0.304801 0.589921 0.003388 0.006530
10 0.299804 0.625282 0.003511 0.006500
10 0.304850 0.625325 0.003478 0.006586
10 0.332198 0.625212 0.003517 0.006489
10 0.337190 0.625276 0.003495 0.006542
10 0.332166 0.589908 0.003412 0.006413
10 0.337185 0.589908 0.003441 0.006463
10 0.332206 0.554589 0.003503 0.006328
10 0.337210 0.554556 0.003503 0.006393
10 0.364530 0.554539 0.003488 0.006428
10 0.369594 0.554516 0.003400 0.006395
10 0.364517 0.589923 0.003509 0.006418
10 0.369504 0.589900 0.003588 0.006558
10 0.364505 0.625308 0.003516 0.006461
10 0.369550 0.625240 0.003561 0.006542
10 0.396885 0.625228 0.003545 0.006482
10 0.401970 0.625267 0.003395 0.006614
10 0.396892 0.589920 0.003475 0.006326
10 0.401945 0.589907 0.003438 0.006456
10 0.396875 0.554518 0.003486 0.006353
10 0.401927 0.554564 0.003473 0.006492
10 0.429233 0.554509 0.003451 0.006444
10 0.434253 0.554523 0.003451 0.006471
10 0.429216 0.589945 0.003490 0.006479
10 0.434263 0.589945 0.003490 0.006479
10 0.429227 0.625303 0.003441 0.006556
10 0.434280 0.625276 0.003482 0.006494
10 0.461592 0.625250 0.003482 0.006441
10 0.466637 0.625276 0.003487 0.006449
10 0.461602 0.589888 0.003483 0.006348
10 0.466632 0.589893 0.003542 0.006542
10 0.461627 0.554579 0.003539 0.006427
10 0.466646 0.554603 0.003459 0.006427
10 0.493950 0.554510 0.003450 0.006497
10 0.498979 0.554501 0.003484 0.006379
10 0.493958 0.589946 0.003486 0.006249
10 0.498977 0.590049 0.003393 0.006454
10 0.493967 0.625382 0.003505 0.006749
10 0.498964 0.625365 0.003505 0.006577
10 0.526347 0.625315 0.003481 0.006584
10 0.531328 0.625236 0.003519 0.006573
10 0.526335 0.589948 0.003490 0.006389
10 0.531333 0.589931 0.003451 0.006568
10 0.526345 0.554505 0.003489 0.006458
10 0.531336 0.554573 0.003527 0.006363
10 0.558633 0.554551 0.003477 0.006635
10 0.563712 0.554571 0.003466 0.006393
10 0.558656 0.589944 0.003485 0.006535
10 0.563722 0.589900 0.003410 0.006448
10 0.558655 0.625302 0.003522 0.006558
10 0.563690 0.625328 0.003479 0.006535
10 0.591056 0.625337 0.003482 0.006616
10 0.596097 0.625339 0.003430 0.006513
10 0.591013 0.589929 0.003441 0.006359
10 0.596104 0.589928 0.003341 0.006511
10 0.591027 0.554545 0.003508 0.006329
10 0.596081 0.554570 0.003481 0.006361
10 0.623362 0.554498 0.003521 0.006445
10 0.628431 0.554494 0.003443 0.006494
10 0.623394 0.589866 0.003547 0.006442
10 0.628402 0.589960 0.003512 0.006505
10 0.623362 0.625250 0.003576 0.006479
10 0.628424 0.625288 0.003576 0.006556
10 0.655775 0.625287 0.003461 0.006501
10 0.660803 0.625284 0.003372 0.006474
10 0.655754 0.589925 0.003529 0.006500
10 0.660825 0.589929 0.003395 0.006542
10 0.655779 0.554503 0.003466 0.006567
10 0.660851 0.554571 0.003386 0.006528
10 0.688108 0.554512 0.003502 0.006520
10 0.693116 0.554520 0.003490 0.006485
10 0.688132 0.589924 0.003571 0.006386
10 0.693160 0.589941 0.003475 0.006488
10 0.688058 0.625218 0.003571 0.006576
10 0.693146 0.625297 0.003459 0.006536
10 0.723834 0.625244 0.003473 0.006422
10 0.723855 0.589918 0.003498 0.006413
10 0.723830 0.554550 0.003527 0.006517