11 0.272707 0.410884 0.004009 0.006964
10 0.272743 0.363097 0.003967 0.007130
10 0.299299 0.351192 0.004095 0.007270
10 0.305313 0.351243 0.004009 0.007321
10 0.299227 0.323643 0.004021 0.007171
10 0.305414 0.323584 0.003962 0.007231
10 0.299210 0.299292 0.004042 0.007187
10 0.305392 0.299293 0.004046 0.007292
10 0.331941 0.311570 0.004059 0.007144
10 0.337430 0.311588 0.004028 0.007193
10 0.331929 0.363059 0.003989 0.007189
10 0.337430 0.363024 0.004067 0.007296
10 0.363950 0.299320 0.004037 0.007373
10 0.370116 0.299284 0.004015 0.007283
10 0.363924 0.323589 0.004008 0.007174
10 0.370085 0.323578 0.004079 0.007279
10 0.364011 0.351277 0.004102 0.007256
10 0.370118 0.351179 0.004010 0.007322
10 0.396633 0.362988 0.004000 0.007313
10 0.402152 0.362896 0.003985 0.007378
10 0.396652 0.311584 0.004028 0.007253
10 0.402154 0.311552 0.004100 0.007253
10 0.428671 0.299256 0.003984 0.007135
10 0.434846 0.299256 0.003984 0.007312
10 0.428658 0.323627 0.004005 0.007299
10 0.434812 0.323612 0.004057 0.007268
10 0.428706 0.351280 0.004024 0.007304
10 0.434775 0.351210 0.004156 0.007351
11 0.461395 0.410823 0.004021 0.007151
11 0.466872 0.410912 0.003975 0.007118
10 0.461352 0.363101 0.004017 0.007262
10 0.466863 0.363027 0.004000 0.007226
10 0.461325 0.311615 0.004033 0.007158
10 0.466844 0.311628 0.004131 0.007233
10 0.493387 0.299261 0.003992 0.007134
10 0.499538 0.299309 0.003965 0.007278
10 0.493383 0.323597 0.003977 0.007181
10 0.499556 0.323610 0.003997 0.007398
10 0.493412 0.351260 0.004023 0.007249
10 0.499499 0.351260 0.004083 0.007355
11 0.526171 0.410787 0.004064 0.007377
11 0.531574 0.410881 0.004003 0.007027
10 0.526057 0.363028 0.003988 0.007172
10 0.531538 0.363032 0.004079 0.007297
10 0.526057 0.311620 0.004034 0.007284
10 0.531610 0.311618 0.004065 0.007234
10 0.558102 0.299336 0.003998 0.007294
10 0.558098 0.323601 0.004000 0.007242
10 0.558061 0.351275 0.003997 0.007308
10 0.557915 0.392627 0.003686 0.007172
10 0.661358 0.299311 0.003972 0.007275
10 0.661338 0.323555 0.003944 0.007210
10 0.661338 0.351137 0.004005 0.007400
11 0.688005 0.413937 0.004270 0.007403
10 0.687495 0.363066 0.004068 0.007335
10 0.693673 0.351181 0.003963 0.007340
10 0.693706 0.323643 0.003987 0.007271
10 0.687513 0.311587 0.004067 0.007228
10 0.693698 0.299358 0.004106 0.007251
10 0.722091 0.311619 0.003995 0.007155
10 0.722085 0.354441 0.003983 0.006927
11 0.722096 0.415204 0.004104 0.007196
11 0.722112 0.520534 0.004005 0.007352
10 0.722060 0.581128 0.004002 0.006880
10 0.722124 0.624095 0.004050 0.007194
10 0.687510 0.636459 0.004057 0.007451
10 0.693742 0.636428 0.003925 0.007324
10 0.687518 0.612063 0.004015 0.007334
10 0.693663 0.612110 0.004035 0.007271
10 0.687517 0.584421 0.004034 0.007254
10 0.693672 0.584468 0.003968 0.007356
10 0.687371 0.542922 0.003679 0.007064
11 0.655580 0.524810 0.004118 0.006998
11 0.660975 0.524810 0.003974 0.007062
10 0.655504 0.572679 0.004028 0.007409
10 0.661025 0.572587 0.004028 0.007368
10 0.655520 0.624056 0.004068 0.007195
10 0.661003 0.624056 0.004028 0.007335
10 0.622779 0.636350 0.004001 0.007407
10 0.628993 0.636350 0.004063 0.007231
10 0.622810 0.612057 0.003992 0.007290
10 0.629016 0.612075 0.004138 0.007209
10 0.628980 0.584480 0.004183 0.007289
10 0.622831 0.584486 0.004077 0.007126
10 0.622692 0.543047 0.003747 0.007289
11 0.590805 0.524795 0.004116 0.007058
11 0.596380 0.524785 0.003865 0.007078
10 0.590791 0.572552 0.004064 0.007055
10 0.596330 0.572631 0.003960 0.007347
10 0.590780 0.624030 0.004011 0.007260
10 0.596308 0.624042 0.004009 0.007230
10 0.558070 0.636390 0.003989 0.007282
10 0.564243 0.636398 0.004083 0.007299
10 0.558065 0.612080 0.004055 0.007227
10 0.564266 0.612091 0.004087 0.007329
10 0.558079 0.584442 0.004060 0.007050
10 0.564212 0.584484 0.004099 0.007366
11 0.526095 0.524743 0.004107 0.006993
11 0.531543 0.524752 0.004066 0.007047
10 0.526060 0.572559 0.004032 0.007222
10 0.531568 0.572581 0.004145 0.007133
10 0.526065 0.624033 0.004117 0.007212
10 0.531622 0.624084 0.003997 0.007266
10 0.493397 0.636470 0.004002 0.007238
10 0.499557 0.636360 0.003968 0.007377
10 0.493391 0.612082 0.004046 0.007348
10 0.499532 0.612050 0.004028 0.007157
10 0.493377 0.584582 0.004150 0.007312
10 0.499527 0.584464 0.003934 0.007488
11 0.461345 0.524871 0.004124 0.007245
11 0.466803 0.524782 0.004023 0.007117
10 0.461346 0.572596 0.004003 0.007180
10 0.466888 0.572597 0.004004 0.007267
10 0.461330 0.624045 0.004116 0.007245
10 0.466864 0.624029 0.004102 0.007232
10 0.428667 0.636352 0.003993 0.007249
10 0.434828 0.636379 0.004023 0.007408
10 0.428641 0.612049 0.004013 0.007218
10 0.434823 0.612059 0.003966 0.007269
10 0.428657 0.584419 0.004083 0.007029
10 0.434836 0.584492 0.003944 0.007274
11 0.396636 0.524811 0.004050 0.007193
11 0.402123 0.524797 0.003985 0.007164
10 0.396608 0.572608 0.004067 0.007178
10 0.402173 0.572615 0.004014 0.007233
10 0.396660 0.624089 0.004095 0.007215
10 0.402157 0.624044 0.004045 0.007304
10 0.363980 0.636456 0.004054 0.007522
10 0.370137 0.636388 0.004038 0.007279
10 0.363947 0.612035 0.003936 0.007163
10 0.370135 0.612069 0.004049 0.007230
10 0.363958 0.584511 0.004032 0.007291
10 0.370083 0.584491 0.003904 0.007388
11 0.331933 0.524860 0.004043 0.007152
11 0.337393 0.524772 0.004007 0.007255
10 0.331908 0.572617 0.004041 0.007195
10 0.337415 0.572600 0.004028 0.007280
10 0.331923 0.624062 0.004036 0.007291
10 0.337441 0.624091 0.003941 0.007299
10 0.299231 0.636367 0.004010 0.007266
10 0.305376 0.636376 0.004107 0.007438
10 0.299208 0.612067 0.003985 0.007246
10 0.305437 0.612099 0.004059 0.007274
10 0.299229 0.584480 0.003982 0.007333
10 0.305426 0.584511 0.003915 0.007387
11 0.267206 0.524838 0.004061 0.007205
11 0.272656 0.524795 0.004000 0.007291
10 0.267183 0.572588 0.003999 0.007388
10 0.272743 0.572586 0.003969 0.007209
10 0.267205 0.624065 0.004022 0.007364
10 0.272711 0.624050 0.004005 0.007208
10 0.234504 0.636377 0.004047 0.007381
10 0.240718 0.636411 0.004046 0.007423
10 0.234527 0.612056 0.004062 0.007204
10 0.240695 0.612047 0.003996 0.007271
10 0.234523 0.584470 0.004039 0.007144
10 0.240694 0.584472 0.003991 0.007480
11 0.202643 0.524954 0.004251 0.007300
11 0.207860 0.524816 0.004220 0.007135
10 0.202608 0.572570 0.004246 0.007155
10 0.207872 0.572637 0.004271 0.007244
10 0.202619 0.623926 0.004268 0.007172
10 0.207912 0.624033 0.004269 0.007258
10 0.173782 0.636370 0.003964 0.007228
10 0.173784 0.612053 0.004015 0.007292
10 0.173778 0.584485 0.004094 0.007443
10 0.173797 0.543060 0.004009 0.007357
11 0.396711 0.410828 0.004061 0.007242
11 0.402168 0.410872 0.004045 0.007096
11 0.331952 0.410747 0.004106 0.007263
11 0.337413 0.410884 0.004028 0.006989