10 0.173769 0.636323 0.004066 0.007434
10 0.173785 0.612031 0.004007 0.007398
10 0.173735 0.584463 0.004016 0.007327
10 0.173795 0.542970 0.003980 0.007372
14 0.189408 0.494399 0.003515 0.003423
11 0.202427 0.524783 0.003971 0.007071
11 0.207933 0.524750 0.004033 0.007134
10 0.202460 0.572566 0.003974 0.007102
10 0.208012 0.572576 0.004000 0.007298
10 0.234566 0.584461 0.004189 0.007192
10 0.240664 0.584508 0.003971 0.007298
14 0.221060 0.494469 0.003554 0.003516
14 0.254100 0.494429 0.003522 0.003664
11 0.267182 0.524821 0.003951 0.007134
11 0.272656 0.524759 0.004031 0.007080
10 0.267169 0.572539 0.004018 0.007160
10 0.272716 0.572523 0.003962 0.007176
10 0.267174 0.624025 0.003987 0.007172
10 0.272677 0.624034 0.004025 0.007277
10 0.234523 0.636311 0.004020 0.007174
10 0.240702 0.636374 0.004079 0.007384
10 0.234496 0.612037 0.004055 0.007228
10 0.240692 0.612025 0.004039 0.007274
10 0.234377 0.543003 0.003788 0.007182
10 0.299094 0.543038 0.003760 0.007209
11 0.331986 0.524748 0.004160 0.006911
11 0.337386 0.524776 0.003943 0.007171
10 0.331914 0.572571 0.004070 0.007136
10 0.337424 0.572644 0.003998 0.007232
10 0.299281 0.584549 0.004158 0.007317
10 0.305390 0.584477 0.004063 0.007391
10 0.299220 0.612077 0.004036 0.007316
10 0.305423 0.612018 0.003946 0.007282
10 0.299201 0.636416 0.004038 0.007387
10 0.305450 0.636387 0.003879 0.007422
10 0.331912 0.624056 0.004018 0.007242
10 0.337414 0.624083 0.003972 0.007242
10 0.363945 0.636378 0.003988 0.007459
10 0.370125 0.636377 0.004022 0.007372
10 0.363937 0.612021 0.004021 0.007270
10 0.370127 0.612037 0.004032 0.007217
10 0.363936 0.584538 0.004036 0.007199
10 0.370113 0.584505 0.003895 0.007440
10 0.363819 0.542996 0.003688 0.007099
11 0.396643 0.524865 0.004062 0.007274
11 0.402132 0.524761 0.003995 0.007066
10 0.396645 0.572611 0.004073 0.007205
10 0.402180 0.572568 0.004061 0.007205
10 0.396606 0.623977 0.004028 0.007201
10 0.402166 0.624034 0.004007 0.007239
10 0.428685 0.636325 0.003991 0.007147
10 0.434792 0.636400 0.004069 0.007198
10 0.428623 0.612061 0.004057 0.007407
10 0.434817 0.612061 0.003985 0.007254
10 0.428711 0.584505 0.004118 0.007305
10 0.434822 0.584464 0.004092 0.007328
10 0.428520 0.543045 0.003682 0.007053
11 0.461334 0.524858 0.004107 0.007195
11 0.466855 0.524784 0.003966 0.007089
10 0.461335 0.572586 0.004077 0.007082
10 0.466864 0.572595 0.004031 0.007302
10 0.461336 0.624026 0.004069 0.007178
10 0.466854 0.624034 0.004064 0.007457
10 0.493346 0.636383 0.004068 0.007290
10 0.499516 0.636392 0.003982 0.007264
10 0.493418 0.612008 0.003995 0.007177
10 0.499547 0.612096 0.004045 0.007265
10 0.493416 0.584512 0.004125 0.007322
10 0.499528 0.584488 0.004003 0.007347
10 0.493217 0.543060 0.003743 0.007466
11 0.526091 0.524795 0.004021 0.007093
11 0.531542 0.524733 0.004051 0.006994
10 0.526074 0.572594 0.003997 0.007220
10 0.531612 0.572603 0.003968 0.007258
10 0.526055 0.623981 0.004028 0.007143
10 0.531612 0.624056 0.004007 0.007289
10 0.558067 0.636357 0.004063 0.007296
10 0.564303 0.636417 0.003999 0.007382
10 0.558072 0.612052 0.004020 0.007308
10 0.564272 0.612062 0.004015 0.007309
10 0.558095 0.584429 0.004115 0.007224
10 0.564236 0.584521 0.003961 0.007387
10 0.557913 0.542976 0.003694 0.007189
11 0.590806 0.524834 0.004015 0.007242
11 0.596263 0.524785 0.004060 0.007158
10 0.590782 0.572547 0.004058 0.007126
10 0.596310 0.572626 0.004018 0.007327
10 0.590794 0.624106 0.004024 0.007361
10 0.596322 0.624065 0.004008 0.007279
10 0.622884 0.636419 0.004076 0.007350
10 0.628991 0.636380 0.003995 0.007286
10 0.622763 0.612055 0.004042 0.007420
10 0.628988 0.612079 0.003917 0.007293
10 0.622812 0.584476 0.004052 0.007444
10 0.628889 0.584441 0.004011 0.007477
10 0.622677 0.543068 0.003683 0.007422
11 0.655505 0.524761 0.004032 0.007112
11 0.661040 0.524774 0.003899 0.007105
10 0.655489 0.572619 0.004010 0.007075
10 0.661063 0.572630 0.003944 0.007189
10 0.655512 0.624017 0.003956 0.007141
10 0.661049 0.624003 0.003886 0.007302
10 0.687535 0.636400 0.004024 0.007416
10 0.693735 0.636404 0.003977 0.007291
10 0.687506 0.611952 0.004076 0.007211
10 0.693695 0.612041 0.003946 0.007291
10 0.687492 0.584558 0.004157 0.007285
10 0.693667 0.584448 0.003886 0.007348
10 0.687401 0.542963 0.003752 0.007422
11 0.722106 0.520509 0.004047 0.007199
10 0.722128 0.581268 0.004024 0.007119
10 0.722077 0.624037 0.004113 0.007170
10 0.202483 0.624016 0.003996 0.007460
10 0.207965 0.624041 0.003982 0.007264
14 0.285873 0.494511 0.003715 0.003553
14 0.318894 0.494413 0.003530 0.003435
14 0.350594 0.494469 0.003827 0.003710
14 0.383600 0.494456 0.003593 0.003531
14 0.415329 0.494499 0.003805 0.003490
14 0.448245 0.494452 0.003688 0.003553
14 0.480000 0.494497 0.003762 0.003694
14 0.513056 0.494494 0.003525 0.003584
14 0.544723 0.494522 0.003780 0.003622
14 0.577737 0.494483 0.003683 0.003666
14 0.609427 0.494430 0.003547 0.003557
14 0.642336 0.494375 0.003779 0.003570
14 0.674138 0.494423 0.003653 0.003418
14 0.707152 0.494425 0.003589 0.003575
14 0.674730 0.441188 0.003630 0.003533
14 0.707097 0.441103 0.003525 0.003668
11 0.722134 0.415108 0.004048 0.007296
10 0.722105 0.354490 0.004095 0.007007
10 0.693703 0.351239 0.004013 0.007338
10 0.687504 0.363042 0.004085 0.007089
10 0.693726 0.323633 0.004021 0.007304
10 0.693720 0.299354 0.004011 0.007211
10 0.722103 0.311613 0.004110 0.007248
10 0.687505 0.311620 0.004034 0.007251
10 0.661304 0.299291 0.004024 0.007297
10 0.661350 0.323602 0.004046 0.007271
10 0.661261 0.351210 0.004070 0.007361
11 0.688012 0.413882 0.004277 0.007211
10 0.557916 0.392647 0.003718 0.007223
10 0.558116 0.351254 0.003958 0.007280
10 0.558074 0.323633 0.004058 0.007159
10 0.558106 0.299340 0.004104 0.007259
10 0.531589 0.311641 0.004067 0.007296
10 0.526040 0.311556 0.004064 0.007237
10 0.493357 0.299330 0.003989 0.007285
10 0.499529 0.299285 0.004041 0.007331
10 0.493377 0.323604 0.003980 0.007297
10 0.499572 0.323668 0.003994 0.007323
10 0.493450 0.351277 0.004028 0.007322
10 0.499501 0.351211 0.004010 0.007322
10 0.493259 0.392676 0.003647 0.007126
10 0.526051 0.363092 0.004038 0.007092
10 0.531545 0.363045 0.004055 0.007126
11 0.526083 0.410888 0.004063 0.007118
11 0.531553 0.410877 0.004011 0.007233
11 0.461319 0.410939 0.004045 0.007101
11 0.466870 0.410894 0.003984 0.006938
10 0.461342 0.363036 0.004032 0.007171
10 0.466916 0.363103 0.003976 0.007259
10 0.461371 0.311631 0.004092 0.007327
10 0.466905 0.311568 0.003996 0.007281
10 0.428698 0.299340 0.004020 0.007289
10 0.434835 0.299318 0.004058 0.007289
10 0.428659 0.323591 0.003985 0.007279
10 0.434839 0.323617 0.003999 0.007279
10 0.428724 0.351277 0.004011 0.007326
10 0.434810 0.351204 0.004007 0.007244
10 0.428520 0.392635 0.003824 0.007294
11 0.396668 0.410926 0.004122 0.007134
11 0.402171 0.410913 0.003900 0.007213
10 0.396665 0.363013 0.004043 0.007126
10 0.402135 0.362974 0.003999 0.007510
10 0.396656 0.311712 0.004063 0.007187
10 0.402172 0.311660 0.004008 0.007289
10 0.363952 0.299357 0.004009 0.007241
10 0.370006 0.299354 0.004097 0.007313
10 0.363946 0.323606 0.004019 0.007424
10 0.370097 0.323594 0.004019 0.007303
10 0.364035 0.351312 0.004129 0.007350
10 0.370097 0.351289 0.004011 0.007350
10 0.363816 0.392724 0.003743 0.007266
11 0.331951 0.410927 0.004045 0.007133
11 0.337425 0.410915 0.004025 0.007064
10 0.331915 0.363106 0.004024 0.007191
10 0.337441 0.363070 0.003969 0.007209
10 0.331909 0.311631 0.004033 0.007230
10 0.337444 0.311565 0.004100 0.007353
10 0.299226 0.299321 0.004060 0.007302
10 0.305391 0.299357 0.004060 0.007422
10 0.299216 0.323650 0.004083 0.007200
10 0.305456 0.323651 0.003888 0.007259
10 0.299264 0.351309 0.004097 0.007361
10 0.305338 0.351256 0.004108 0.007266
10 0.299094 0.392551 0.003658 0.007453
11 0.272680 0.410906 0.004004 0.007011
10 0.272694 0.363082 0.003945 0.007221
10 0.272695 0.311640 0.004054 0.007251
14 0.285865 0.441224 0.003694 0.003466
14 0.318788 0.441227 0.003725 0.003596
14 0.350610 0.441171 0.003814 0.003677
14 0.383519 0.441144 0.003641 0.003600
14 0.415301 0.441214 0.003829 0.003689
14 0.448200 0.441202 0.003718 0.003605
14 0.480009 0.441244 0.003831 0.003630
14 0.512976 0.441142 0.003715 0.003683
14 0.544727 0.441183 0.003756 0.003569