21 0.283838 0.305490 0.006105 0.010635
25 0.310090 0.334044 0.004155 0.015039
25 0.291114 0.334084 0.004180 0.015113
25 0.270591 0.445978 0.008593 0.007393
25 0.627018 0.445966 0.008623 0.007367
25 0.587508 0.334070 0.004155 0.015028
25 0.606505 0.334072 0.004176 0.015084
21 0.613735 0.305560 0.006035 0.010776
32 0.268576 0.321137 0.008512 0.007337
32 0.628963 0.321171 0.008579 0.007271
31 0.234715 0.437417 0.003415 0.006277
31 0.291279 0.480599 0.003586 0.006242
31 0.606321 0.480525 0.003521 0.006110
31 0.662839 0.437351 0.003614 0.006159