21 0.171134 0.265870 0.006093 0.010731
21 0.164057 0.318433 0.005985 0.010774
21 0.184004 0.367803 0.006029 0.010737
21 0.162076 0.462891 0.005899 0.010739
21 0.132362 0.506294 0.006058 0.010535
21 0.216601 0.485014 0.006042 0.010458
21 0.240537 0.512701 0.006057 0.010711
21 0.254901 0.447759 0.006079 0.010749
21 0.277250 0.626454 0.006018 0.010689
21 0.280621 0.518884 0.006005 0.010674
21 0.321349 0.447782 0.006018 0.010732
21 0.404843 0.447757 0.006073 0.010591
21 0.409896 0.531257 0.005938 0.010704
21 0.359162 0.537641 0.005977 0.010722
21 0.538358 0.537689 0.006044 0.010801
21 0.487776 0.531234 0.006018 0.010824
21 0.492750 0.447782 0.006083 0.010687
21 0.576228 0.447769 0.006018 0.010665
21 0.617011 0.518883 0.005912 0.010709
21 0.620367 0.626442 0.006018 0.010763
21 0.642716 0.447752 0.006018 0.010687
21 0.657104 0.512716 0.005902 0.010778
21 0.681023 0.484998 0.006033 0.010396
21 0.765234 0.506282 0.006083 0.010548
21 0.735601 0.462872 0.005977 0.010692
21 0.713592 0.367826 0.006045 0.010689
21 0.733505 0.318464 0.006060 0.010715
21 0.726503 0.265860 0.005914 0.010725
25 0.159198 0.289835 0.008547 0.007368
25 0.284449 0.335445 0.004176 0.015072
25 0.269655 0.445976 0.008616 0.007421
25 0.627898 0.445983 0.008533 0.007418
25 0.613154 0.335408 0.004115 0.015010
25 0.738385 0.289890 0.008598 0.007314
27 0.188539 0.367747 0.003813 0.015090
27 0.132340 0.498288 0.008487 0.006755
27 0.206667 0.487178 0.008618 0.006608
27 0.245048 0.512692 0.003794 0.015040
27 0.290844 0.359414 0.003820 0.015034
27 0.281785 0.626417 0.003790 0.015255
27 0.379585 0.445655 0.008619 0.006759
27 0.363754 0.537687 0.003803 0.015175
27 0.405293 0.531320 0.003775 0.015082
27 0.492309 0.531279 0.003838 0.015059
27 0.533852 0.537713 0.003777 0.015221
27 0.518045 0.445671 0.008603 0.006802
27 0.615795 0.626434 0.003812 0.015242
27 0.652561 0.512676 0.003817 0.015080
27 0.690904 0.487215 0.008565 0.006734
27 0.606731 0.359431 0.003822 0.015031
27 0.709048 0.367765 0.003843 0.015085
27 0.765258 0.498262 0.008532 0.006714