21 0.171137 0.265859 0.006080 0.010779
21 0.164045 0.318412 0.006009 0.010774
21 0.184022 0.367789 0.006074 0.010762
21 0.177515 0.444491 0.006053 0.010742
21 0.132334 0.506314 0.006105 0.010666
21 0.240525 0.512716 0.006045 0.010688
21 0.280644 0.518918 0.006022 0.010715
21 0.277248 0.626467 0.006035 0.010671
21 0.254882 0.447714 0.006099 0.010714
21 0.321381 0.447753 0.006057 0.010766
21 0.355525 0.426486 0.006061 0.010717
21 0.411208 0.447733 0.006073 0.010739
21 0.409852 0.531305 0.006010 0.010851
21 0.359139 0.537690 0.005969 0.010830
21 0.538349 0.537680 0.006096 0.010750
21 0.487765 0.531296 0.006037 0.010756
21 0.486345 0.447724 0.006093 0.010647
21 0.541993 0.426414 0.005988 0.010654
21 0.576211 0.447735 0.006061 0.010791
21 0.642718 0.447745 0.006093 0.010666
21 0.657090 0.512703 0.005927 0.010766
21 0.616988 0.518904 0.005965 0.010693
21 0.620343 0.626439 0.006047 0.010835
21 0.765230 0.506249 0.006057 0.010572
21 0.720038 0.444499 0.005996 0.010654
21 0.713579 0.367850 0.006072 0.010737
21 0.733487 0.318474 0.006057 0.010657
21 0.726510 0.265870 0.005862 0.010722
25 0.159174 0.289863 0.008534 0.007411
25 0.284423 0.335421 0.004159 0.015045
25 0.269650 0.446000 0.008604 0.007404
25 0.613167 0.335423 0.004153 0.015088
25 0.627897 0.445977 0.008518 0.007388
25 0.738370 0.289856 0.008579 0.007372
27 0.188528 0.367784 0.003802 0.015139
27 0.132341 0.498287 0.008534 0.006735
27 0.206670 0.487173 0.008620 0.006712
27 0.245049 0.512687 0.003822 0.015113
27 0.290837 0.359470 0.003804 0.015083
27 0.281798 0.626407 0.003808 0.015230
27 0.363758 0.537693 0.003819 0.015145
27 0.405295 0.531284 0.003839 0.015036
27 0.379570 0.445680 0.008627 0.006779
27 0.492300 0.531293 0.003822 0.015084
27 0.533848 0.537731 0.003820 0.015236
27 0.518023 0.445688 0.008612 0.006783
27 0.615797 0.626429 0.003792 0.015140
27 0.652558 0.512703 0.003802 0.015085
27 0.606776 0.359411 0.003863 0.015051
27 0.709068 0.367771 0.003836 0.015113
27 0.690897 0.487222 0.008519 0.006709
27 0.765260 0.498254 0.008518 0.006728