18 0.576432 0.189149 0.012776 0.003799
19 0.578163 0.221409 0.012788 0.007163
18 0.387835 0.189163 0.012611 0.003737
18 0.492750 0.189155 0.012499 0.003812
18 0.277289 0.232244 0.006856 0.007154
18 0.419821 0.237801 0.006663 0.007182
18 0.487630 0.254516 0.006619 0.007081
18 0.487666 0.285904 0.006605 0.007158
18 0.415992 0.284933 0.006590 0.007156
18 0.360574 0.284912 0.006724 0.007152
18 0.487642 0.318822 0.006632 0.007174
18 0.562027 0.318945 0.006741 0.007133
18 0.632226 0.318924 0.006523 0.007092
18 0.702519 0.318960 0.006662 0.007152
18 0.712668 0.364212 0.006589 0.007138
18 0.712636 0.426627 0.006655 0.007194
18 0.712701 0.488996 0.006655 0.007119
18 0.712647 0.551373 0.006603 0.007170
18 0.712691 0.613758 0.006691 0.007136
18 0.712677 0.676126 0.006661 0.007203
18 0.647751 0.693187 0.006808 0.007170
18 0.568051 0.693187 0.006632 0.007170
18 0.488247 0.693187 0.006603 0.007170
18 0.472211 0.661192 0.006587 0.007144
18 0.472211 0.633849 0.006644 0.007128
18 0.419799 0.676026 0.006644 0.007176
18 0.277286 0.683111 0.006710 0.007111
19 0.578102 0.243151 0.012696 0.007099
19 0.578138 0.264944 0.012780 0.007173
19 0.680476 0.264944 0.012683 0.007118
19 0.680476 0.243178 0.012780 0.007063
19 0.680476 0.221425 0.012780 0.007090
19 0.563055 0.289938 0.012742 0.007102
19 0.631636 0.289938 0.012631 0.007102
19 0.700346 0.289938 0.012631 0.007185
22 0.454315 0.205822 0.012480 0.007099
22 0.388047 0.253575 0.012629 0.007058
22 0.388032 0.267056 0.012539 0.007142
22 0.451308 0.308156 0.012585 0.007149
22 0.341781 0.311783 0.010276 0.005720
22 0.381204 0.411660 0.010186 0.005740
22 0.381843 0.497031 0.010223 0.005813
22 0.380014 0.553187 0.010208 0.005761
22 0.388754 0.646724 0.012544 0.007206
22 0.388738 0.661130 0.012590 0.006963
22 0.459172 0.680903 0.012578 0.007149
22 0.437878 0.596958 0.012555 0.007157
22 0.666702 0.686841 0.012539 0.007142
22 0.697674 0.671577 0.012518 0.007112
22 0.697661 0.595329 0.012531 0.007108
22 0.630070 0.553198 0.010082 0.005771
22 0.631995 0.497041 0.010290 0.005747
22 0.697823 0.429183 0.012339 0.007125
22 0.631164 0.411725 0.010102 0.005599
22 0.697783 0.344302 0.012382 0.007094
22 0.663665 0.325607 0.012629 0.007125
25 0.421476 0.267205 0.018222 0.005076
25 0.452692 0.292482 0.008755 0.010355
25 0.431154 0.324093 0.008850 0.010267
25 0.423352 0.647746 0.018263 0.005052
25 0.448201 0.626137 0.009032 0.010291
25 0.468191 0.600987 0.018280 0.005095