10 0.309955 0.412003 0.012675 0.007444
10 0.310072 0.501714 0.012652 0.007205
10 0.309984 0.511752 0.012652 0.007205
10 0.310028 0.601471 0.012740 0.007553
10 0.690167 0.214929 0.012795 0.005812
10 0.690066 0.302450 0.012594 0.007293
10 0.690167 0.312507 0.012795 0.007236
10 0.690082 0.402113 0.012760 0.007176
10 0.690082 0.412091 0.012760 0.007378
10 0.690118 0.501351 0.012689 0.006491
10 0.690082 0.511692 0.012903 0.007257
10 0.690082 0.600992 0.012760 0.006451
10 0.690047 0.611373 0.012689 0.007297
10 0.690153 0.700633 0.012760 0.006491
12 0.376205 0.204527 0.016858 0.007189
12 0.400429 0.204465 0.016968 0.007128
12 0.371417 0.350728 0.012795 0.010213
12 0.264814 0.363844 0.012777 0.010153
12 0.298241 0.400727 0.012741 0.010512
12 0.320441 0.400711 0.012686 0.010606
12 0.330739 0.414174 0.012745 0.010513
12 0.330730 0.499494 0.012725 0.010200
12 0.330746 0.513800 0.012696 0.010444
12 0.330710 0.599137 0.012768 0.010179
12 0.660094 0.698752 0.012647 0.010144
12 0.660096 0.613426 0.012684 0.010480
12 0.660074 0.599137 0.012748 0.010223
12 0.660071 0.513791 0.012784 0.010534
12 0.660069 0.499504 0.012640 0.010126
12 0.660104 0.414170 0.012606 0.010493
12 0.660104 0.399848 0.012756 0.010113
12 0.660094 0.314526 0.012737 0.010513
12 0.660082 0.300943 0.012718 0.010228
12 0.660081 0.216420 0.012714 0.008805