15 0.295844 0.330946 0.029408 0.005929
16 0.295912 0.330966 0.012662 0.007200
15 0.400441 0.330561 0.029340 0.006006
16 0.400407 0.330600 0.012662 0.007161
10 0.690074 0.215214 0.012729 0.005113
10 0.690108 0.302508 0.012711 0.007321
10 0.690079 0.312496 0.012770 0.007288
10 0.690079 0.402140 0.012770 0.007222
10 0.690137 0.412161 0.012770 0.007123
10 0.690137 0.501706 0.012770 0.007189
10 0.690137 0.511810 0.012770 0.007123
10 0.690079 0.601338 0.012770 0.007222
10 0.690079 0.611492 0.012770 0.007123
10 0.690108 0.700987 0.012828 0.007222
12 0.660101 0.216761 0.012795 0.008137
12 0.660151 0.301062 0.012714 0.010548
12 0.660151 0.314696 0.012714 0.010141
12 0.660151 0.400031 0.012834 0.010548
12 0.660181 0.414191 0.012774 0.010514
12 0.660151 0.499644 0.012714 0.010548
12 0.660121 0.513804 0.012774 0.010514
12 0.660121 0.599257 0.012774 0.010480
12 0.660091 0.613434 0.012834 0.010548
12 0.660062 0.698938 0.012774 0.010548
12 0.399880 0.557249 0.017961 0.007154
12 0.426364 0.545596 0.012720 0.010138
12 0.399884 0.511509 0.017976 0.007174
12 0.399882 0.446163 0.017981 0.007169
12 0.399913 0.432487 0.017919 0.007239
12 0.399913 0.420958 0.017919 0.007239
12 0.383306 0.350901 0.012703 0.010649
12 0.400381 0.204569 0.016966 0.007266
12 0.376183 0.204528 0.016887 0.007185
12 0.264721 0.350882 0.012803 0.010563
12 0.319348 0.350910 0.012703 0.010563
12 0.257977 0.374924 0.018590 0.007224
12 0.331481 0.385193 0.018040 0.007238
12 0.331436 0.405756 0.017996 0.007248
12 0.257949 0.423306 0.018531 0.007224
12 0.288941 0.444473 0.012811 0.010415
12 0.257940 0.458057 0.018565 0.007189
12 0.294871 0.465175 0.012761 0.010273
12 0.297820 0.478286 0.012703 0.010157
12 0.300689 0.496172 0.012660 0.010207
12 0.297824 0.509272 0.012701 0.010082
12 0.300730 0.527118 0.012695 0.010183