15 0.295653 0.329451 0.029374 0.005959
16 0.295653 0.329451 0.012558 0.007102
15 0.397563 0.329394 0.029261 0.006045
16 0.397585 0.329419 0.012747 0.007085
12 0.660147 0.216756 0.012770 0.008149
12 0.660117 0.301133 0.012711 0.010601
12 0.660088 0.314715 0.012770 0.010203
12 0.660059 0.400036 0.012711 0.010502
12 0.660147 0.414215 0.012770 0.010502
12 0.660088 0.499636 0.012770 0.010468
12 0.660147 0.513798 0.012770 0.010502
12 0.660147 0.599284 0.012770 0.010535
12 0.660117 0.613463 0.012828 0.010468
12 0.660176 0.698917 0.012711 0.010568
12 0.399903 0.557218 0.018021 0.007260
12 0.426366 0.545614 0.012773 0.010156
12 0.399903 0.511497 0.018021 0.007224
12 0.399934 0.446179 0.018085 0.007188
12 0.399966 0.432518 0.018021 0.007260
12 0.399934 0.420985 0.017958 0.007295
12 0.395292 0.352066 0.012702 0.010566
12 0.400397 0.204541 0.016945 0.007197
12 0.376179 0.204516 0.016910 0.007230
12 0.264726 0.350875 0.012764 0.010539
12 0.319399 0.350907 0.012691 0.010602
12 0.257931 0.374904 0.018600 0.007205
12 0.331428 0.385177 0.017886 0.007188
12 0.331481 0.405759 0.017929 0.007201
12 0.257933 0.423331 0.018625 0.007207
12 0.288996 0.444588 0.012874 0.010187
12 0.257922 0.458020 0.018538 0.007208
12 0.294875 0.465189 0.012774 0.010251
12 0.297791 0.478311 0.012837 0.010117
12 0.300694 0.496145 0.012709 0.010246
12 0.297801 0.509200 0.012724 0.010163
12 0.300731 0.527111 0.012756 0.010176