15 0.307042 0.329429 0.029281 0.006029
16 0.307064 0.329441 0.012594 0.007173
15 0.409049 0.329415 0.029274 0.006071
16 0.408992 0.329394 0.012638 0.007062
12 0.671453 0.216779 0.012729 0.008089
12 0.671476 0.301091 0.012684 0.010557
12 0.671476 0.314700 0.012684 0.010150
12 0.671498 0.400005 0.012639 0.010531
12 0.671476 0.414148 0.012684 0.010480
12 0.671498 0.499657 0.012639 0.010506
12 0.671476 0.513774 0.012684 0.010506
12 0.671476 0.599321 0.012684 0.010557
12 0.671476 0.613439 0.012774 0.010455
12 0.671518 0.698917 0.012624 0.010526
12 0.411274 0.557203 0.018047 0.007209
12 0.437797 0.545609 0.012747 0.010083
12 0.411318 0.511495 0.018047 0.007160
12 0.411263 0.446189 0.018104 0.007186
12 0.411263 0.432505 0.017981 0.007239
12 0.411263 0.420958 0.017981 0.007204
12 0.406710 0.352112 0.012622 0.010603
12 0.411809 0.204525 0.016978 0.007234
12 0.387584 0.204558 0.016948 0.007204
12 0.276206 0.350847 0.012724 0.010573
12 0.330759 0.350913 0.012777 0.010540
12 0.269341 0.374874 0.018557 0.007164
12 0.342889 0.385177 0.017978 0.007188
12 0.342887 0.405738 0.017986 0.007256
12 0.269317 0.423353 0.018600 0.007147
12 0.300358 0.444628 0.012804 0.010118
12 0.269349 0.458062 0.018503 0.007138
12 0.306259 0.465168 0.012704 0.010245
12 0.309244 0.478284 0.012822 0.010210
12 0.312121 0.496152 0.012699 0.010203
12 0.309231 0.509220 0.012804 0.010220
12 0.312177 0.527088 0.012726 0.010190
36 0.471503 0.371481 0.020565 0.011574
36 0.471503 0.390545 0.020633 0.011555