15 0.310191 0.343422 0.029393 0.005959
16 0.310168 0.343422 0.012617 0.007109
15 0.412149 0.343408 0.029432 0.006025
16 0.412099 0.343394 0.012685 0.007174
12 0.674659 0.230696 0.012668 0.008191
12 0.674647 0.315045 0.012670 0.010561
12 0.674673 0.328556 0.012823 0.010418
12 0.674673 0.414026 0.012619 0.010533
12 0.674698 0.428127 0.012772 0.010475
12 0.674647 0.513655 0.012670 0.010533
12 0.674698 0.527799 0.012772 0.010504
12 0.674647 0.613284 0.012772 0.010590
12 0.674698 0.627414 0.012772 0.010475
12 0.674673 0.712898 0.012619 0.010504
12 0.414403 0.571202 0.018052 0.007158
12 0.440925 0.559553 0.012710 0.010162
12 0.414435 0.525479 0.017974 0.007234
12 0.414371 0.460196 0.017939 0.007119
12 0.414407 0.446462 0.017991 0.007255
12 0.414407 0.434915 0.017991 0.007202
12 0.409825 0.366042 0.012732 0.010464
12 0.414912 0.218521 0.017017 0.007235
12 0.390690 0.218521 0.017020 0.007236
12 0.279335 0.364863 0.012638 0.010571
12 0.333904 0.364873 0.012752 0.010463
12 0.272441 0.388848 0.018575 0.007201
12 0.345984 0.399159 0.017872 0.007196
12 0.346251 0.419700 0.018489 0.007196
12 0.272513 0.437277 0.018662 0.007175
12 0.303475 0.458443 0.012825 0.010487
12 0.272476 0.472037 0.018709 0.007232
12 0.309382 0.479167 0.012631 0.010202
12 0.312327 0.492228 0.012742 0.010181
12 0.315278 0.510094 0.012764 0.010138
12 0.312327 0.523220 0.012733 0.010103
12 0.315312 0.541120 0.012733 0.010229
36 0.474583 0.385411 0.020409 0.011605
36 0.474602 0.404517 0.020446 0.011647