15 0.359609 0.333957 0.029382 0.005943
16 0.359673 0.333975 0.012648 0.007153
15 0.356427 0.375132 0.029317 0.006040
16 0.356427 0.375132 0.012549 0.007128
12 0.713710 0.215723 0.012774 0.010150
12 0.713710 0.300939 0.012684 0.010200
12 0.713710 0.314522 0.012774 0.010506
12 0.713710 0.399840 0.012684 0.010099
12 0.713665 0.414148 0.012774 0.010531
12 0.713665 0.499491 0.012684 0.010175
12 0.713710 0.513813 0.012774 0.010531
12 0.713665 0.599143 0.012684 0.010302
12 0.713732 0.613413 0.012729 0.010455
12 0.713710 0.698921 0.012684 0.010480
12 0.384303 0.599190 0.012726 0.010271
12 0.384303 0.513814 0.012859 0.010534
12 0.384336 0.499513 0.012793 0.010271
12 0.384336 0.414211 0.012793 0.010534
12 0.343233 0.400705 0.012676 0.010462
12 0.407860 0.359056 0.018539 0.007140
12 0.308580 0.357284 0.024418 0.007145
12 0.407905 0.339922 0.018531 0.007173
12 0.429758 0.204522 0.016876 0.007158
12 0.454042 0.204583 0.016939 0.007213
36 0.454216 0.341292 0.020414 0.011658
36 0.494408 0.348803 0.020424 0.011697
36 0.511198 0.374485 0.020414 0.011573
36 0.513472 0.395933 0.020474 0.011605