14 0.334827 0.377582 0.012437 0.007006
14 0.386112 0.402519 0.012380 0.006983
14 0.410487 0.411705 0.012388 0.006965
14 0.414562 0.502104 0.012386 0.006962
14 0.414587 0.511350 0.012386 0.007005
14 0.414596 0.601758 0.012372 0.007018
14 0.550151 0.701457 0.012326 0.006841
14 0.575512 0.610967 0.012360 0.006990
14 0.575511 0.601768 0.012372 0.007011
14 0.572903 0.511335 0.012257 0.007026
14 0.572903 0.502111 0.012270 0.007018
14 0.572914 0.411719 0.012312 0.007035
14 0.572889 0.402495 0.012336 0.006977
14 0.572914 0.312144 0.012302 0.006923
14 0.573109 0.302796 0.012292 0.006913
14 0.573122 0.213806 0.012275 0.007014