14 0.434823 0.335095 0.012457 0.006786
14 0.334861 0.378867 0.012504 0.006970
14 0.393762 0.398368 0.012477 0.006882
14 0.440763 0.430876 0.012384 0.006956
14 0.334825 0.465543 0.012307 0.006935
14 0.334819 0.476612 0.012409 0.006881
14 0.456295 0.484236 0.012300 0.006933
14 0.334833 0.509423 0.012319 0.006986
14 0.550872 0.701385 0.012441 0.006968
14 0.575979 0.610989 0.012360 0.006974
14 0.575997 0.601647 0.012279 0.006829
14 0.575985 0.511376 0.012311 0.007016
14 0.576041 0.502022 0.012298 0.006855
14 0.575986 0.411752 0.012300 0.006956
14 0.576022 0.402451 0.012253 0.006915
14 0.574062 0.312062 0.012337 0.006995
14 0.574086 0.302843 0.012284 0.006975
14 0.568902 0.213814 0.012334 0.007000