18 0.387845 0.189148 0.012612 0.003792
18 0.576498 0.189163 0.012636 0.003859
18 0.277305 0.237777 0.006753 0.007082
18 0.419792 0.237787 0.006720 0.007064
18 0.411624 0.676031 0.006658 0.007184
18 0.277297 0.676006 0.006614 0.007135
19 0.554007 0.245237 0.012746 0.007174
19 0.553932 0.271414 0.012622 0.007185
19 0.553946 0.343511 0.012746 0.007174
19 0.553946 0.371057 0.012867 0.007277
19 0.553951 0.443134 0.012747 0.007154
19 0.553927 0.470686 0.012698 0.007154
19 0.424691 0.443120 0.012651 0.007174
19 0.438333 0.470666 0.012651 0.007193
19 0.438265 0.542759 0.012678 0.007123
19 0.438307 0.570287 0.012678 0.007146
19 0.553918 0.570299 0.012678 0.007217
19 0.553897 0.542783 0.012636 0.007170
19 0.553899 0.642396 0.012594 0.007144
19 0.553899 0.669926 0.012594 0.007166
13 0.340373 0.195134 0.010755 0.006015
13 0.380973 0.199091 0.010635 0.006015
13 0.395646 0.199125 0.010395 0.005992
13 0.391308 0.183840 0.010675 0.005947
13 0.579852 0.183850 0.010651 0.005988
13 0.628728 0.196487 0.010646 0.005997
13 0.335693 0.381408 0.010790 0.006063
13 0.416982 0.402956 0.010579 0.005959
22 0.274089 0.219347 0.012628 0.007142
22 0.458478 0.249937 0.012606 0.007108
22 0.434537 0.283292 0.012720 0.007171
22 0.235637 0.351826 0.012815 0.007140
22 0.269526 0.352552 0.012570 0.007060
22 0.451325 0.348489 0.012599 0.007159
22 0.475190 0.433961 0.012610 0.007113
22 0.473694 0.534654 0.012625 0.007156
22 0.466760 0.604269 0.010165 0.005627
22 0.434665 0.641396 0.012554 0.007100
22 0.280218 0.697184 0.012586 0.007079
22 0.419131 0.701320 0.012630 0.007143
22 0.419323 0.714110 0.012582 0.007213
22 0.454086 0.714099 0.012585 0.007196
22 0.451433 0.689614 0.012658 0.007141
25 0.355457 0.228470 0.008917 0.010345
25 0.419383 0.257909 0.018273 0.005084
25 0.452307 0.333230 0.008804 0.010291
25 0.452025 0.623473 0.008765 0.010383
25 0.415004 0.647226 0.018224 0.005070
25 0.356991 0.685299 0.009000 0.010275
30 0.484395 0.204994 0.012599 0.007145
30 0.484429 0.252857 0.012667 0.007145
30 0.484395 0.300672 0.012532 0.007010
30 0.484412 0.348507 0.012566 0.007145
30 0.493227 0.396371 0.012488 0.007182
30 0.493227 0.444241 0.012488 0.007158
30 0.493227 0.492040 0.012488 0.007087
30 0.493290 0.539898 0.012446 0.007134
30 0.493269 0.587744 0.012403 0.007158
30 0.493269 0.635591 0.012488 0.007134
30 0.493248 0.683414 0.012446 0.007063
30 0.385302 0.286286 0.012658 0.007159
30 0.408724 0.332391 0.012614 0.007033
30 0.344793 0.332391 0.012554 0.007033
30 0.280936 0.332383 0.012405 0.007016
31 0.382360 0.204533 0.007263 0.004137
31 0.394030 0.204559 0.007402 0.004176
32 0.255784 0.340089 0.008853 0.010286
32 0.393534 0.703358 0.018129 0.005080
32 0.484364 0.705248 0.018214 0.005055