14 0.434811 0.335095 0.012275 0.006768
14 0.334811 0.378826 0.012277 0.007002
14 0.393751 0.398381 0.012400 0.006876
14 0.440811 0.430875 0.012312 0.006963
14 0.334867 0.465545 0.012319 0.006986
14 0.334808 0.476654 0.012302 0.006877
14 0.456294 0.484225 0.012365 0.006964
14 0.334808 0.509416 0.012231 0.006964
14 0.550822 0.701390 0.012397 0.006971
14 0.575991 0.611039 0.012266 0.006911
14 0.575961 0.601676 0.012381 0.006848
14 0.576007 0.511356 0.012264 0.007030
14 0.576035 0.502065 0.012202 0.006901
14 0.576021 0.411761 0.012338 0.006926
14 0.575959 0.402459 0.012437 0.006880
14 0.574071 0.312099 0.012348 0.007037
14 0.574093 0.302852 0.012275 0.006960
14 0.568927 0.213815 0.012368 0.007012