14 0.457471 0.335043 0.012384 0.006838
14 0.357452 0.378823 0.012379 0.007001
14 0.416435 0.398369 0.012374 0.006830
14 0.463381 0.430906 0.012359 0.006903
14 0.357395 0.465519 0.012144 0.006944
14 0.357415 0.476616 0.012328 0.006799
14 0.478829 0.484232 0.012279 0.006926
14 0.357436 0.509383 0.012362 0.006975
14 0.573473 0.701381 0.012390 0.006992
14 0.598591 0.611010 0.012300 0.006922
14 0.598613 0.601668 0.012237 0.006887
14 0.598576 0.511361 0.012336 0.007032
14 0.598626 0.502041 0.012343 0.006864
14 0.598609 0.411753 0.012247 0.006991
14 0.598638 0.402455 0.012137 0.006883
14 0.596701 0.312105 0.012326 0.006971
14 0.596760 0.302840 0.012315 0.006965
14 0.591559 0.213800 0.012362 0.006934