14 0.436781 0.335079 0.012157 0.006749
14 0.336792 0.378840 0.012307 0.006939
14 0.395716 0.398390 0.012414 0.006894
14 0.442801 0.430845 0.012360 0.006990
14 0.336780 0.465556 0.012230 0.006963
14 0.336760 0.476653 0.012271 0.006894
14 0.336797 0.509411 0.012251 0.006944
14 0.458218 0.484237 0.012380 0.006927
14 0.552905 0.701397 0.012252 0.006948
14 0.577955 0.611035 0.012328 0.006865
14 0.577932 0.601690 0.012396 0.006831
14 0.577946 0.511378 0.012281 0.007009
14 0.578000 0.502025 0.012188 0.006872
14 0.577972 0.411750 0.012332 0.006958
14 0.577938 0.402450 0.012270 0.006897
14 0.576038 0.312097 0.012331 0.007000
14 0.576074 0.302872 0.012272 0.006963
14 0.570900 0.213788 0.012358 0.006963