14 0.359650 0.402445 0.012410 0.006906
14 0.432422 0.402468 0.012429 0.006936
14 0.463005 0.411762 0.012336 0.006925
14 0.456361 0.502104 0.012392 0.006860
14 0.456361 0.511337 0.012392 0.007008
14 0.456330 0.601656 0.012268 0.006765
14 0.604473 0.701391 0.012298 0.006955
14 0.629538 0.611030 0.012351 0.006882
14 0.629589 0.601679 0.012322 0.006815
14 0.629574 0.511359 0.012268 0.007007
14 0.629621 0.502059 0.012254 0.006846
14 0.629563 0.411756 0.012306 0.006872
14 0.629632 0.402439 0.012208 0.006849
14 0.627629 0.312071 0.012261 0.006983
14 0.627659 0.302861 0.012346 0.006997
14 0.622522 0.213788 0.012298 0.006938