18 0.387871 0.189134 0.012644 0.003808
18 0.576469 0.189146 0.012641 0.003845
18 0.277306 0.237793 0.006733 0.007142
18 0.419815 0.237781 0.006674 0.007139
18 0.326915 0.544397 0.012552 0.003656
18 0.277298 0.676023 0.006705 0.007153
18 0.406235 0.676033 0.006801 0.007194
19 0.553918 0.245224 0.012764 0.007117
19 0.553948 0.271427 0.012704 0.007151
19 0.553888 0.343514 0.012663 0.007136
19 0.553911 0.371024 0.012709 0.007162
19 0.553903 0.443120 0.012747 0.007127
19 0.553951 0.470659 0.012650 0.007154
19 0.553934 0.542774 0.012756 0.007162
19 0.553911 0.570258 0.012709 0.007136
19 0.553880 0.642425 0.012660 0.007160
19 0.553880 0.669924 0.012660 0.007160
19 0.317469 0.567331 0.012636 0.007123
19 0.270462 0.558540 0.012635 0.007146
22 0.415366 0.215933 0.012512 0.007146
22 0.434695 0.271654 0.012614 0.007134
22 0.451466 0.272080 0.012917 0.007115
22 0.378039 0.312865 0.012639 0.007148
22 0.370629 0.353298 0.012603 0.007128
22 0.475106 0.409434 0.012546 0.007128
22 0.358535 0.439440 0.012607 0.007152
22 0.473763 0.488258 0.012476 0.007136
22 0.380023 0.561919 0.012640 0.007164
22 0.472533 0.569950 0.010067 0.005791
22 0.367729 0.597567 0.012584 0.007169
22 0.434723 0.636210 0.012640 0.007180
22 0.451326 0.636274 0.012602 0.007127
22 0.415985 0.701326 0.012615 0.007134
25 0.414996 0.647218 0.018192 0.005100
25 0.448693 0.623452 0.009112 0.010377
25 0.368581 0.571232 0.018190 0.005105
25 0.448335 0.290910 0.008717 0.010280
25 0.414064 0.265336 0.018236 0.005098