18 0.387881 0.189145 0.012603 0.003826
18 0.576488 0.189145 0.012712 0.003826
18 0.277320 0.237763 0.006809 0.007131
18 0.419829 0.237763 0.006730 0.007123
18 0.277311 0.676013 0.006799 0.007119
18 0.405566 0.675990 0.006602 0.007175
19 0.553894 0.245205 0.012652 0.007156
19 0.553955 0.271423 0.012768 0.007184
19 0.553960 0.343524 0.012723 0.007232
19 0.553927 0.371046 0.012658 0.007196
19 0.553917 0.443140 0.012772 0.007072
19 0.553917 0.470728 0.012638 0.007110
19 0.553906 0.542750 0.012763 0.007128
19 0.553932 0.570279 0.012710 0.007158
19 0.553918 0.642403 0.012678 0.007170
19 0.553897 0.669896 0.012720 0.007170
19 0.270441 0.558587 0.012770 0.007123
19 0.317477 0.567349 0.012652 0.007156
13 0.340461 0.195128 0.010730 0.006040
13 0.380974 0.199093 0.010844 0.006002
13 0.395654 0.199109 0.010556 0.005905
13 0.391338 0.183845 0.010604 0.006025
13 0.579814 0.183870 0.010739 0.006011
13 0.628752 0.196485 0.010673 0.005939
13 0.297569 0.592181 0.010643 0.006019
13 0.416006 0.571234 0.010691 0.005964
13 0.341048 0.537827 0.010520 0.006040
18 0.326905 0.544390 0.012467 0.003741
13 0.335700 0.513308 0.010610 0.006023
13 0.335651 0.482204 0.010658 0.005996
13 0.335674 0.460117 0.010538 0.005981
13 0.335744 0.414530 0.010604 0.005969
13 0.380892 0.408558 0.010659 0.006056
13 0.419400 0.398865 0.010527 0.005865
13 0.427139 0.398851 0.010266 0.005894
13 0.444617 0.398843 0.010675 0.006003
13 0.335670 0.380004 0.010619 0.005938