18 0.407788 0.189141 0.012586 0.003783
18 0.596423 0.189127 0.012685 0.003811
18 0.297282 0.237790 0.006702 0.007173
18 0.439749 0.237790 0.006657 0.007123
18 0.346849 0.544401 0.012588 0.003731
18 0.297273 0.676012 0.006761 0.007130
18 0.423900 0.676035 0.006681 0.007130
19 0.573846 0.245212 0.012700 0.007208
19 0.573869 0.271432 0.012655 0.007183
19 0.573869 0.343515 0.012746 0.007183
19 0.573891 0.371048 0.012700 0.007157
19 0.573873 0.443129 0.012647 0.007130
19 0.573853 0.470648 0.012687 0.007197
19 0.573874 0.542760 0.012684 0.007173
19 0.573851 0.570258 0.012639 0.007173
19 0.573855 0.642388 0.012660 0.007135
19 0.573876 0.669937 0.012703 0.007135
19 0.337348 0.567308 0.012631 0.007164
19 0.290398 0.558550 0.012636 0.007126
13 0.360421 0.195138 0.010697 0.005994
13 0.400876 0.199061 0.010653 0.005969
13 0.415568 0.199089 0.010504 0.006025
13 0.411292 0.183858 0.010636 0.006015
13 0.599790 0.183843 0.010727 0.006046
13 0.648726 0.196480 0.010472 0.006035
13 0.317527 0.592198 0.010625 0.005990
13 0.435921 0.571200 0.010661 0.005945
13 0.361046 0.537816 0.010545 0.006071
13 0.355622 0.513326 0.010583 0.006007
13 0.355620 0.482196 0.010659 0.006055
13 0.355608 0.460131 0.010663 0.006005
13 0.355613 0.414491 0.010651 0.006004
13 0.400834 0.408585 0.010596 0.006031
13 0.439298 0.398846 0.010730 0.005954
13 0.447156 0.398860 0.010428 0.005983
13 0.464549 0.398794 0.010687 0.005884
13 0.355609 0.380028 0.010705 0.005991
22 0.435303 0.215940 0.012544 0.007094
22 0.454625 0.271665 0.012590 0.007148
22 0.471274 0.272093 0.012652 0.007142
22 0.397542 0.312873 0.012612 0.007133
22 0.389967 0.353187 0.012625 0.007140
22 0.372590 0.362890 0.012584 0.007165
22 0.495205 0.409440 0.012554 0.007117
22 0.378395 0.439439 0.012762 0.007151
22 0.493591 0.488103 0.012756 0.007143
22 0.399872 0.561919 0.012723 0.007133
22 0.492417 0.572603 0.010247 0.005719
22 0.434844 0.597584 0.012614 0.007201
22 0.454639 0.636202 0.012567 0.007133
22 0.471298 0.636290 0.012628 0.007161
22 0.435919 0.701317 0.012624 0.007140
25 0.434914 0.647228 0.018217 0.005059
25 0.472009 0.623429 0.008964 0.010349
25 0.388550 0.571223 0.018297 0.005060
25 0.470531 0.290919 0.009003 0.010275
25 0.434057 0.265352 0.018278 0.005072
30 0.504387 0.205004 0.012555 0.007100
30 0.504370 0.252879 0.012588 0.007138
30 0.504370 0.300678 0.012588 0.007024
30 0.504404 0.348514 0.012656 0.007138
30 0.513121 0.396360 0.012588 0.007119
30 0.513138 0.444235 0.012555 0.007157
30 0.513121 0.492053 0.012588 0.007005
30 0.513138 0.539870 0.012555 0.007119
30 0.513138 0.587726 0.012555 0.007119
30 0.513138 0.635610 0.012555 0.007138
30 0.513155 0.683409 0.012588 0.007024
30 0.418530 0.590126 0.012568 0.007125
30 0.385588 0.545341 0.012562 0.007123
30 0.385582 0.487905 0.012603 0.007128
30 0.385618 0.430464 0.012584 0.007134
31 0.402397 0.204546 0.007284 0.004087
31 0.413967 0.204529 0.007332 0.004101