18 0.382012 0.189137 0.012616 0.003790
18 0.570595 0.189129 0.012623 0.003794
18 0.271522 0.237798 0.006642 0.007130
18 0.413959 0.237764 0.006801 0.007151
18 0.321081 0.544413 0.012635 0.003772
18 0.271508 0.676013 0.006636 0.007081
18 0.394868 0.676056 0.006746 0.007183
19 0.548048 0.245244 0.012670 0.007194
19 0.548073 0.271389 0.012721 0.007166
19 0.548022 0.343535 0.012721 0.007166
19 0.548048 0.371032 0.012670 0.007137
19 0.548048 0.443135 0.012772 0.007166
19 0.548048 0.470661 0.012772 0.007194
19 0.548073 0.542793 0.012721 0.007166
19 0.548073 0.570275 0.012619 0.007223
19 0.548022 0.642421 0.012721 0.007223
19 0.548022 0.669933 0.012619 0.007166
19 0.264614 0.558571 0.012683 0.007196
19 0.311579 0.567281 0.012642 0.007103
22 0.409594 0.215957 0.012575 0.007112
22 0.428812 0.271673 0.012614 0.007152
22 0.445454 0.272099 0.012569 0.007109
22 0.371836 0.312871 0.012617 0.007109
22 0.365057 0.353213 0.012665 0.007128
22 0.346922 0.362911 0.012588 0.007180
22 0.469394 0.409457 0.012394 0.007133
22 0.352677 0.439431 0.012554 0.007134
22 0.467888 0.487994 0.012412 0.007133
22 0.374062 0.561907 0.012557 0.007116
22 0.466655 0.572616 0.010233 0.005754
22 0.408992 0.597584 0.012554 0.007167
22 0.428821 0.636194 0.012601 0.007127
22 0.445468 0.636289 0.012599 0.007141
22 0.410081 0.701322 0.012567 0.007159
25 0.409076 0.647216 0.018221 0.005087
25 0.446208 0.623446 0.009020 0.010336
25 0.362700 0.571230 0.018196 0.005088
25 0.444700 0.290918 0.008751 0.010245
25 0.408186 0.265349 0.018181 0.005113