18 0.378879 0.189145 0.012603 0.003826
18 0.567452 0.189132 0.012525 0.003816
18 0.268358 0.237771 0.006619 0.007059
18 0.410892 0.237814 0.006663 0.007143
18 0.268355 0.676011 0.006688 0.007156
18 0.410865 0.676024 0.006624 0.007156
19 0.544901 0.245205 0.012643 0.007134
19 0.544946 0.271401 0.012733 0.007201
19 0.544931 0.343504 0.012643 0.007184
19 0.544931 0.371038 0.012703 0.007167
19 0.544935 0.443114 0.012623 0.007080
19 0.544952 0.470662 0.012726 0.007178
19 0.544910 0.542783 0.012725 0.007181
19 0.544896 0.570275 0.012697 0.007197
19 0.544896 0.642389 0.012633 0.007183
19 0.544930 0.669903 0.012701 0.007164
19 0.429289 0.570295 0.012652 0.007186
19 0.429262 0.542778 0.012687 0.007190
19 0.429283 0.470682 0.012717 0.007192
19 0.415719 0.443128 0.012635 0.007192
13 0.331453 0.195134 0.010653 0.006015
13 0.382397 0.183832 0.010619 0.006067
13 0.371942 0.199123 0.010655 0.005985
13 0.386637 0.199072 0.010619 0.005964
13 0.570841 0.183838 0.010756 0.006045
13 0.619827 0.196483 0.010630 0.006027
13 0.405135 0.402981 0.010721 0.005868
13 0.349365 0.383567 0.010758 0.005996
13 0.349357 0.332858 0.010721 0.006080