12 0.265133 0.268933 0.012817 0.010116
12 0.265001 0.290182 0.012744 0.010349
12 0.265031 0.623568 0.012862 0.010547
12 0.264991 0.644981 0.012781 0.010456
16 0.286898 0.316197 0.012656 0.007242
15 0.286972 0.316197 0.029332 0.006063
18 0.277499 0.237761 0.006723 0.007196
18 0.419943 0.237697 0.006705 0.007133
18 0.277349 0.676244 0.006755 0.007179
18 0.419804 0.676251 0.006689 0.007174
15 0.497005 0.440113 0.029408 0.005968
16 0.497005 0.440132 0.012662 0.007161
15 0.283273 0.594358 0.029321 0.005935
16 0.283323 0.594429 0.012753 0.007156
13 0.314973 0.292469 0.010686 0.005928
13 0.321282 0.292469 0.010584 0.005871
13 0.314942 0.621288 0.010656 0.006054
13 0.321239 0.621274 0.010656 0.006082