10 0.656214 0.611281 0.012885 0.007457
10 0.602765 0.624845 0.013197 0.007203
10 0.602777 0.659185 0.013265 0.007189
10 0.656132 0.672351 0.012675 0.007465
12 0.263022 0.354755 0.017913 0.007236
12 0.262949 0.384192 0.018058 0.007182
12 0.262998 0.426367 0.018058 0.007264
12 0.263070 0.449906 0.018010 0.007209
12 0.262998 0.473526 0.018058 0.007209
12 0.262974 0.524549 0.018010 0.007236
12 0.262998 0.555597 0.018058 0.007182
12 0.518825 0.612736 0.012795 0.010486
12 0.510907 0.671336 0.012698 0.010540
12 0.576527 0.671322 0.012684 0.010531
12 0.570677 0.612711 0.012818 0.010538
12 0.670694 0.582553 0.017970 0.007259
12 0.670645 0.537640 0.017970 0.007232
12 0.670766 0.492795 0.017922 0.007177
12 0.670742 0.447937 0.017970 0.007259
12 0.670694 0.403024 0.017970 0.007177
12 0.670742 0.358153 0.017970 0.007177