18 0.409473 0.240374 0.010751 0.004253
18 0.457189 0.267259 0.010913 0.004286
18 0.457084 0.333485 0.010817 0.004038
18 0.382103 0.566687 0.010582 0.004312
18 0.447281 0.566602 0.010648 0.004236
17 0.458362 0.187976 0.010812 0.007955
19 0.300198 0.288845 0.011116 0.007609
19 0.351450 0.288849 0.010724 0.007807
19 0.403303 0.288854 0.010897 0.007519
19 0.300773 0.341531 0.010721 0.007778
19 0.351730 0.341550 0.010663 0.007745
19 0.403359 0.341626 0.010950 0.007702
19 0.312188 0.440904 0.010773 0.007707
17 0.414654 0.426120 0.010812 0.007735
17 0.458169 0.384303 0.010952 0.007662
17 0.414564 0.460763 0.010786 0.007522
17 0.414655 0.495501 0.010843 0.007837
17 0.414676 0.530078 0.011137 0.007670
17 0.542801 0.497515 0.010700 0.007764
17 0.636613 0.497572 0.010621 0.007765
17 0.636519 0.530329 0.010953 0.007759
17 0.542816 0.530348 0.010880 0.007686
17 0.542971 0.563061 0.010708 0.007587
17 0.636513 0.563194 0.010930 0.007780
17 0.542913 0.605060 0.010735 0.007935
17 0.458364 0.608879 0.010815 0.007678
17 0.636498 0.604888 0.010996 0.007833
17 0.636514 0.637629 0.010811 0.007511
17 0.636554 0.670480 0.010923 0.007626
17 0.542834 0.670561 0.011023 0.007997
17 0.542900 0.637726 0.010838 0.007610
17 0.458329 0.664333 0.010847 0.007864
17 0.408967 0.677111 0.010654 0.007807
15 0.520432 0.191518 0.008781 0.018000
15 0.585927 0.191558 0.009249 0.017794
15 0.520591 0.234725 0.009546 0.017788
15 0.585859 0.234725 0.009324 0.017947
15 0.651264 0.234664 0.009503 0.017930
15 0.651045 0.191613 0.008941 0.017824
15 0.519672 0.288699 0.008950 0.017940
15 0.583445 0.288616 0.009346 0.017830
15 0.647222 0.288603 0.009127 0.017957
15 0.519701 0.337437 0.009150 0.017969
15 0.583384 0.337478 0.009042 0.018040
15 0.647027 0.337453 0.009147 0.018189
15 0.519691 0.388185 0.009243 0.017968
15 0.583450 0.388160 0.009104 0.017924
15 0.646996 0.388115 0.008961 0.017828
15 0.519671 0.424961 0.008790 0.018011
15 0.583333 0.424980 0.008730 0.017886
15 0.647205 0.424880 0.009034 0.017638
15 0.647037 0.461493 0.009204 0.017739
15 0.583378 0.461513 0.009109 0.017808
15 0.519647 0.461684 0.009213 0.017947