17 0.300574 0.188157 0.010976 0.008094
17 0.458249 0.187847 0.010758 0.007804
18 0.409489 0.227725 0.010658 0.004264
18 0.512671 0.227807 0.010860 0.004283
18 0.457156 0.304890 0.010498 0.004343
18 0.512542 0.304934 0.010773 0.004244
18 0.512463 0.385133 0.011052 0.004374
19 0.300732 0.334365 0.010796 0.007647
19 0.351566 0.334462 0.010829 0.007979
19 0.403428 0.334605 0.010742 0.007832
19 0.300265 0.281633 0.010676 0.007706
19 0.351375 0.281771 0.010582 0.007602
19 0.403350 0.281602 0.010824 0.007713
17 0.458244 0.384208 0.010868 0.007571
17 0.300575 0.384426 0.011130 0.007782
18 0.512495 0.460590 0.010535 0.004123
17 0.300568 0.609808 0.010730 0.007898
17 0.458310 0.609794 0.010685 0.007821
17 0.458294 0.664275 0.011004 0.007827
17 0.300587 0.664453 0.010905 0.007848
23 0.579745 0.188838 0.005680 0.017778
23 0.649918 0.188792 0.005602 0.017785
23 0.649860 0.235238 0.005602 0.017660
23 0.579729 0.235216 0.005569 0.017611
23 0.579728 0.279059 0.005533 0.017674
23 0.649872 0.279064 0.005716 0.017642
23 0.649879 0.313039 0.005641 0.017646
23 0.579741 0.313004 0.005608 0.017661
23 0.579766 0.347035 0.005558 0.017804
23 0.649892 0.347035 0.005608 0.017804
23 0.649895 0.390887 0.005541 0.017837
23 0.579836 0.390888 0.005650 0.017852
23 0.579807 0.433758 0.005725 0.017797
23 0.649912 0.433796 0.005505 0.017856
23 0.649937 0.466016 0.005664 0.017811
23 0.579763 0.465983 0.005722 0.017657
23 0.445591 0.433820 0.005732 0.017791
23 0.445516 0.465969 0.005614 0.017709
23 0.377271 0.433789 0.005621 0.017728
23 0.377284 0.465967 0.005740 0.017677
23 0.308960 0.433806 0.005641 0.017813
23 0.309024 0.465965 0.005685 0.017668