18 0.417177 0.239407 0.013492 0.005110
18 0.512171 0.211448 0.013069 0.005096
17 0.458446 0.187851 0.010711 0.007801
17 0.300615 0.188061 0.010755 0.007741
19 0.300427 0.281720 0.011006 0.007767
19 0.351558 0.281773 0.010817 0.007697
19 0.403425 0.281589 0.010756 0.007612
19 0.300692 0.334403 0.010743 0.007809
19 0.351615 0.334501 0.010847 0.007730
19 0.403428 0.334497 0.010944 0.007635
18 0.464189 0.308160 0.013163 0.005207
18 0.512278 0.308186 0.013431 0.005290
18 0.512185 0.391106 0.013308 0.005047
17 0.458269 0.390813 0.010777 0.007759
17 0.300585 0.390909 0.010610 0.007650
18 0.512087 0.466739 0.013263 0.004989
18 0.512232 0.562857 0.013252 0.005140
18 0.512235 0.650601 0.013154 0.004977
17 0.458734 0.609568 0.010880 0.007735
17 0.458340 0.664332 0.010830 0.007789
17 0.300541 0.664445 0.010815 0.007862
17 0.300919 0.609724 0.010640 0.007820
15 0.568057 0.665339 0.008990 0.017737
15 0.614722 0.665440 0.009333 0.017887
15 0.661440 0.665388 0.008904 0.017796
15 0.661129 0.612342 0.008983 0.017720
15 0.614556 0.612373 0.009158 0.017907
15 0.567876 0.612396 0.009221 0.017845
15 0.308962 0.433900 0.009060 0.017944
15 0.309011 0.466015 0.009161 0.017797
15 0.377239 0.466065 0.009259 0.017980
15 0.377173 0.433822 0.008881 0.017980
15 0.445506 0.433835 0.009321 0.017958
15 0.445529 0.465968 0.009267 0.017704
15 0.579476 0.188864 0.009213 0.018185
15 0.649864 0.188941 0.009581 0.017801
15 0.649785 0.235250 0.009013 0.017996
15 0.579769 0.235202 0.009416 0.018092