23 0.246125 0.314463 0.012360 0.004889
23 0.246142 0.371615 0.012355 0.005229
21 0.331478 0.306718 0.005810 0.011069
27 0.336126 0.306950 0.003786 0.014980
21 0.334849 0.386171 0.005735 0.011044
23 0.425719 0.480610 0.012263 0.004965
23 0.455927 0.480531 0.012261 0.004732
23 0.485985 0.480646 0.012263 0.004975
23 0.425288 0.428115 0.012204 0.004962
23 0.455905 0.428136 0.012342 0.005020
23 0.485981 0.428164 0.012221 0.005129
23 0.425693 0.532979 0.012231 0.005081
23 0.455867 0.533052 0.012349 0.005112
23 0.486048 0.532929 0.012234 0.005186
21 0.583237 0.377375 0.005929 0.010756
21 0.586598 0.297965 0.005751 0.010806
27 0.581952 0.298125 0.003631 0.015113
23 0.671972 0.290769 0.012378 0.005038
23 0.671964 0.348048 0.012464 0.005038