21 0.189008 0.252691 0.006159 0.010890
21 0.196794 0.309996 0.006038 0.010977
25 0.183612 0.294620 0.008590 0.007594
21 0.123882 0.449621 0.006077 0.010133
27 0.131145 0.447743 0.008349 0.006202
21 0.169069 0.443415 0.005868 0.010902
27 0.181319 0.472827 0.003579 0.015261
27 0.225317 0.405155 0.008547 0.006253
21 0.225219 0.413450 0.005993 0.009988
25 0.299329 0.293386 0.004108 0.015242
27 0.304361 0.318186 0.003803 0.014989
25 0.281880 0.402651 0.008641 0.007446
27 0.325614 0.405138 0.008740 0.006195
21 0.325672 0.413307 0.006083 0.009871
27 0.404319 0.405633 0.008547 0.006286
21 0.404357 0.413791 0.005975 0.009629
21 0.269993 0.482992 0.005698 0.011093
27 0.274583 0.482840 0.003655 0.014960
27 0.305646 0.499913 0.008607 0.006226
21 0.305992 0.508134 0.006169 0.010004
21 0.361943 0.472569 0.005635 0.010833
27 0.357348 0.473004 0.003555 0.015046
27 0.412625 0.461457 0.003743 0.015113
21 0.417296 0.460901 0.005466 0.010954
21 0.494513 0.434442 0.005610 0.010820
27 0.499164 0.435091 0.003570 0.015149
27 0.514255 0.396391 0.008547 0.006288
21 0.514224 0.404581 0.006114 0.009873
27 0.554338 0.463805 0.003608 0.015192
21 0.549692 0.463247 0.005548 0.010966
21 0.586039 0.404014 0.006033 0.010013
27 0.586132 0.396083 0.008600 0.005755
27 0.615158 0.460133 0.003534 0.015326
21 0.610492 0.460160 0.005557 0.010787
25 0.636264 0.393903 0.008687 0.007649
27 0.635509 0.505991 0.008649 0.006743
21 0.635884 0.514601 0.006061 0.009874
27 0.695220 0.437339 0.008547 0.006325
21 0.694998 0.429027 0.006141 0.009739
27 0.706227 0.453074 0.003741 0.015295
27 0.743857 0.448822 0.008704 0.006112
21 0.744234 0.456989 0.006190 0.009890
21 0.692655 0.359564 0.005715 0.010765
21 0.720852 0.276436 0.005730 0.010905
27 0.716331 0.276419 0.003350 0.015180
25 0.735575 0.238952 0.008605 0.007531
21 0.724235 0.225309 0.006095 0.010300
25 0.618791 0.284751 0.004233 0.015469
27 0.613831 0.306472 0.003774 0.015309