21 0.189061 0.252722 0.005897 0.011305
25 0.183659 0.292793 0.008588 0.007449
21 0.196718 0.310020 0.006179 0.010682
21 0.123974 0.449625 0.006028 0.010309
27 0.131092 0.447548 0.008547 0.006455
21 0.169096 0.443475 0.005824 0.010908
27 0.181361 0.472790 0.003579 0.015187
27 0.225327 0.405068 0.008582 0.006168
21 0.225310 0.413396 0.006035 0.009993
25 0.299310 0.293397 0.004127 0.015113
25 0.281864 0.402641 0.008615 0.007406
27 0.325659 0.405033 0.008728 0.006332
21 0.325599 0.413255 0.006139 0.009898
21 0.402875 0.413535 0.006112 0.010075
27 0.402836 0.405361 0.008625 0.006640
27 0.508890 0.396448 0.008478 0.006069
21 0.508856 0.404671 0.006076 0.009893
27 0.499255 0.435053 0.003936 0.015236
21 0.494457 0.434477 0.005519 0.010789
27 0.586099 0.396163 0.008624 0.005764
21 0.586060 0.404083 0.006032 0.009803
27 0.613844 0.320076 0.003888 0.015177
25 0.618799 0.284757 0.004320 0.015441
21 0.692647 0.359575 0.005717 0.010959
21 0.720882 0.276497 0.005636 0.010742
27 0.716309 0.276436 0.003419 0.015276
21 0.724178 0.225254 0.006239 0.010340
25 0.735648 0.239048 0.008547 0.007465
25 0.636277 0.393818 0.008633 0.007582
21 0.610545 0.460158 0.005773 0.010859
27 0.615215 0.460183 0.003679 0.015213
27 0.695203 0.437206 0.008652 0.006415
21 0.694994 0.428909 0.006070 0.009314
21 0.753493 0.456623 0.006109 0.010366
27 0.753082 0.448873 0.008794 0.006200
27 0.636256 0.506272 0.008682 0.006021
21 0.636651 0.514526 0.006224 0.010088
27 0.554375 0.463833 0.003752 0.015288
21 0.549655 0.463174 0.005541 0.010719
25 0.412549 0.461537 0.003925 0.015048
21 0.417299 0.460856 0.005429 0.010702
21 0.361902 0.472502 0.005803 0.010815
27 0.357380 0.473010 0.003764 0.015251
27 0.309648 0.500072 0.008607 0.006332
21 0.310039 0.508271 0.005998 0.009892
21 0.278517 0.482988 0.005821 0.011028
27 0.283091 0.482988 0.003511 0.015358
27 0.304440 0.322382 0.003644 0.015715
27 0.706425 0.453016 0.003492 0.015171