4 0.112134 0.135338 0.002565 0.004489
4 0.112129 0.178925 0.002535 0.004437
4 0.368990 0.138701 0.002561 0.004476
4 0.368965 0.160208 0.002557 0.004462
4 0.396394 0.160182 0.002507 0.004437
4 0.396371 0.138689 0.002572 0.004509
6 0.378838 0.191812 0.002158 0.004357
4 0.573913 0.138717 0.002558 0.004483
4 0.573908 0.160195 0.002500 0.004486
4 0.601310 0.138696 0.002563 0.004507
4 0.601321 0.160230 0.002522 0.004461
6 0.591474 0.191786 0.002147 0.004379
4 0.858172 0.178932 0.002558 0.004447
4 0.858173 0.135309 0.002554 0.004484
4 0.112127 0.813753 0.002562 0.004458
4 0.112125 0.857391 0.002536 0.004511
4 0.368981 0.687714 0.002563 0.004499
4 0.368966 0.709245 0.002562 0.004494
4 0.396376 0.709271 0.002525 0.004467
4 0.396363 0.687704 0.002596 0.004484
6 0.378834 0.740822 0.002127 0.004344
4 0.573903 0.687697 0.002590 0.004454
4 0.573912 0.709236 0.002523 0.004482
4 0.601320 0.709251 0.002538 0.004457
4 0.601308 0.687719 0.002569 0.004481
6 0.591494 0.740812 0.002092 0.004357
4 0.858172 0.813746 0.002553 0.004442
4 0.858165 0.857364 0.002554 0.004485