1 0.172078 0.140978 0.002557 0.004540
1 0.172061 0.689978 0.002584 0.004557
1 0.798257 0.689978 0.002561 0.004477
1 0.798246 0.140994 0.002539 0.004477
2 0.131818 0.150031 0.002511 0.004457
2 0.152395 0.150002 0.002530 0.004435
2 0.154398 0.185521 0.002500 0.004408
2 0.142088 0.187500 0.002515 0.004488
2 0.130238 0.185548 0.002515 0.004461
2 0.131811 0.699052 0.002530 0.004382
2 0.130230 0.734558 0.002500 0.004435
2 0.140191 0.738116 0.002485 0.004435
2 0.154390 0.734558 0.002515 0.004435
2 0.152388 0.699052 0.002545 0.004488
2 0.817934 0.699025 0.002545 0.004488
2 0.815894 0.734542 0.002549 0.004384
2 0.830104 0.738098 0.002511 0.004473
2 0.840073 0.734564 0.002536 0.004429
2 0.838475 0.699045 0.002460 0.004473
2 0.840066 0.185559 0.002524 0.004518
2 0.828227 0.187538 0.002511 0.004451
2 0.815913 0.185503 0.002511 0.004496
2 0.817923 0.150051 0.002524 0.004496
2 0.838494 0.150029 0.002524 0.004451
7 0.356770 0.195594 0.002469 0.003677
7 0.333058 0.195578 0.002487 0.003645
7 0.316534 0.195626 0.002506 0.003677
7 0.292823 0.195610 0.002524 0.003774
7 0.276271 0.195610 0.002487 0.003709
7 0.252551 0.195626 0.002487 0.003742
7 0.236018 0.195658 0.002487 0.003742
7 0.212297 0.195626 0.002524 0.003742
7 0.196249 0.195578 0.002469 0.003709
7 0.130483 0.248028 0.002476 0.003817
7 0.170739 0.248034 0.002522 0.003804
7 0.210987 0.248034 0.002487 0.003804
7 0.251234 0.248034 0.002487 0.003865
7 0.291499 0.248034 0.002487 0.003865
7 0.331747 0.248034 0.002487 0.003865
7 0.371994 0.248050 0.002487 0.003834
7 0.196242 0.743816 0.002477 0.003666
7 0.212291 0.744602 0.002496 0.003632
7 0.236013 0.744652 0.002487 0.003699
7 0.252555 0.744619 0.002487 0.003632
7 0.276248 0.744611 0.002477 0.003615
7 0.292810 0.744602 0.002496 0.003699
7 0.316508 0.744602 0.002477 0.003599
7 0.333050 0.744636 0.002496 0.003699
7 0.356777 0.744594 0.002496 0.003649
7 0.396577 0.797049 0.002465 0.003839
7 0.373313 0.797049 0.002488 0.003839
7 0.356757 0.797060 0.002499 0.003900
7 0.333055 0.797049 0.002499 0.003839
7 0.315192 0.797060 0.002499 0.003859
7 0.235148 0.797060 0.002499 0.003859
7 0.213635 0.797049 0.002476 0.003880
7 0.195749 0.797852 0.002476 0.003778
7 0.613528 0.744623 0.002496 0.003681
7 0.637230 0.744616 0.002505 0.003696
7 0.653780 0.744631 0.002487 0.003666
7 0.677486 0.744623 0.002522 0.003650
7 0.694045 0.744631 0.002505 0.003666
7 0.717734 0.744616 0.002522 0.003666
7 0.734292 0.744639 0.002505 0.003712
7 0.758003 0.744639 0.002513 0.003742
7 0.774053 0.743818 0.002505 0.003696
7 0.774522 0.797847 0.002467 0.003834
7 0.756662 0.797049 0.002493 0.003879
7 0.735605 0.797064 0.002476 0.003910
7 0.655106 0.797056 0.002493 0.003834
7 0.637229 0.797049 0.002502 0.003819
7 0.613537 0.797041 0.002510 0.003864
7 0.596983 0.797056 0.002510 0.003803
7 0.573732 0.797064 0.002502 0.003849
7 0.774537 0.195569 0.002512 0.003710
7 0.758007 0.195598 0.002490 0.003729
7 0.734297 0.195598 0.002512 0.003654
7 0.717756 0.195579 0.002490 0.003729
7 0.694040 0.195607 0.002501 0.003673
7 0.677483 0.195607 0.002490 0.003748
7 0.653783 0.195588 0.002490 0.003710
7 0.637242 0.195579 0.002512 0.003654
7 0.613526 0.195617 0.002522 0.003729
7 0.573262 0.248035 0.002495 0.003816
7 0.613519 0.248039 0.002479 0.003808
7 0.653790 0.248029 0.002502 0.003828
7 0.694009 0.248049 0.002468 0.003788
7 0.735611 0.248039 0.002479 0.003808
7 0.758100 0.248059 0.002491 0.003768
7 0.775871 0.248039 0.002502 0.003848
7 0.798354 0.248049 0.002502 0.003828
7 0.816108 0.248039 0.002479 0.003768
7 0.838608 0.248018 0.002513 0.003808