9 0.161752 0.193586 0.002548 0.004623
9 0.147371 0.194194 0.002506 0.004590
9 0.136645 0.194226 0.002627 0.004612
9 0.123771 0.193607 0.002566 0.004654
9 0.123780 0.743452 0.002527 0.004610
9 0.143927 0.742882 0.002519 0.004442
9 0.147476 0.747377 0.002545 0.004579
9 0.160549 0.747347 0.002536 0.004579
9 0.809741 0.747312 0.002584 0.004546
9 0.822840 0.747324 0.002564 0.004546
9 0.826360 0.742919 0.002522 0.004485
9 0.846544 0.743456 0.002564 0.004680
9 0.808533 0.193581 0.002572 0.004555
9 0.822933 0.194241 0.002500 0.004628
9 0.833680 0.194260 0.002583 0.004665
9 0.846531 0.193595 0.002541 0.004528