1 0.172054 0.140951 0.002582 0.004479
1 0.172050 0.689986 0.002562 0.004518
1 0.783485 0.690004 0.002577 0.004522
1 0.798245 0.689993 0.002564 0.004501
1 0.798244 0.140977 0.002573 0.004538
2 0.817906 0.150038 0.002562 0.004470
2 0.815907 0.185515 0.002521 0.004445
2 0.828204 0.187504 0.002548 0.004396
2 0.840069 0.185552 0.002521 0.004470
2 0.838495 0.150026 0.002548 0.004445
2 0.152380 0.150015 0.002541 0.004462
2 0.154401 0.185517 0.002543 0.004437
2 0.142106 0.187492 0.002529 0.004461
2 0.130256 0.185529 0.002529 0.004412
2 0.131817 0.150037 0.002543 0.004461
2 0.131814 0.699041 0.002538 0.004442
2 0.130251 0.734598 0.002557 0.004476
2 0.140195 0.738105 0.002557 0.004476
2 0.154427 0.734531 0.002538 0.004409
2 0.152401 0.699075 0.002538 0.004509
2 0.817931 0.699075 0.002557 0.004509
2 0.815914 0.734547 0.002538 0.004442
2 0.830128 0.738105 0.002557 0.004409
2 0.840080 0.734547 0.002538 0.004442
2 0.838499 0.699041 0.002557 0.004509
7 0.356761 0.195609 0.002485 0.003745
7 0.333060 0.195609 0.002498 0.003745
7 0.316507 0.195572 0.002512 0.003672
7 0.292792 0.195621 0.002498 0.003770
7 0.276261 0.195596 0.002498 0.003721
7 0.252546 0.195633 0.002485 0.003745
7 0.236000 0.195609 0.002485 0.003697
7 0.212286 0.195596 0.002498 0.003770
7 0.196198 0.195621 0.002498 0.003721
7 0.131784 0.248046 0.002467 0.003758
7 0.153707 0.248036 0.002489 0.003777
7 0.170725 0.248046 0.002478 0.003797
7 0.210966 0.248046 0.002467 0.003758
7 0.252547 0.248026 0.002489 0.003797
7 0.274476 0.248036 0.002501 0.003817
7 0.292811 0.248036 0.002478 0.003817
7 0.314734 0.248036 0.002501 0.003777
7 0.331740 0.248016 0.002467 0.003817
7 0.371993 0.248036 0.002501 0.003817
7 0.252547 0.744607 0.002489 0.003625
7 0.276263 0.744624 0.002498 0.003658
7 0.292799 0.744624 0.002498 0.003658
7 0.194846 0.797859 0.002472 0.003797
7 0.213645 0.797062 0.002489 0.003891
7 0.235151 0.797062 0.002498 0.003828
7 0.311620 0.797054 0.002472 0.003844
7 0.336670 0.797062 0.002498 0.003859
7 0.351876 0.797069 0.002489 0.003875
7 0.400052 0.820197 0.002170 0.004347
7 0.677491 0.744612 0.002509 0.003644
7 0.692466 0.744598 0.002501 0.003616
7 0.717736 0.744598 0.002501 0.003644
7 0.576267 0.797059 0.002496 0.003867
7 0.593369 0.797059 0.002477 0.003833
7 0.618424 0.797059 0.002496 0.003867
7 0.633633 0.797043 0.002468 0.003867
7 0.658665 0.797059 0.002496 0.003867
7 0.735145 0.797051 0.002487 0.003883
7 0.756665 0.797059 0.002477 0.003833
7 0.775442 0.797863 0.002468 0.003766
7 0.774210 0.195586 0.002493 0.003684
7 0.757996 0.195613 0.002493 0.003738
7 0.734292 0.195559 0.002516 0.003630
7 0.717742 0.195592 0.002500 0.003697
7 0.694034 0.195606 0.002500 0.003724
7 0.677484 0.195613 0.002485 0.003738
7 0.653777 0.195599 0.002500 0.003738
7 0.637231 0.195592 0.002508 0.003697
7 0.613527 0.195606 0.002485 0.003697
7 0.573261 0.248037 0.002486 0.003811
7 0.613520 0.248022 0.002495 0.003811
7 0.655568 0.248052 0.002478 0.003780
7 0.677487 0.248037 0.002504 0.003811
7 0.695814 0.248052 0.002478 0.003780
7 0.717742 0.248030 0.002504 0.003796
7 0.736074 0.248045 0.002486 0.003765
7 0.757997 0.248037 0.002504 0.003811
7 0.776329 0.248060 0.002486 0.003796
7 0.798261 0.248068 0.002504 0.003811
7 0.816593 0.248052 0.002486 0.003811
7 0.838516 0.248045 0.002486 0.003796