9 0.161757 0.193575 0.002566 0.004605
9 0.147375 0.198338 0.002491 0.004605
9 0.136624 0.198298 0.002596 0.004525
9 0.123765 0.193588 0.002566 0.004631
9 0.123780 0.743452 0.002531 0.004718
9 0.143956 0.742909 0.002565 0.004524
9 0.147471 0.747307 0.002540 0.004539
9 0.160554 0.747336 0.002565 0.004599
9 0.809734 0.747325 0.002601 0.004531
9 0.822831 0.747304 0.002554 0.004545
9 0.826372 0.742941 0.002522 0.004494
9 0.846532 0.743444 0.002566 0.004633
9 0.846531 0.193585 0.002558 0.004609
9 0.833680 0.198336 0.002602 0.004599
9 0.822944 0.198297 0.002502 0.004521
9 0.808537 0.193590 0.002563 0.004521