4 0.368988 0.138690 0.002583 0.004501
4 0.368980 0.160190 0.002551 0.004471
4 0.396403 0.160205 0.002498 0.004457
4 0.396391 0.138697 0.002556 0.004477
4 0.392903 0.188685 0.002551 0.004471
4 0.394577 0.221819 0.002557 0.004479
4 0.374441 0.221829 0.002505 0.004494
4 0.354319 0.221819 0.002474 0.004485
4 0.334189 0.221834 0.002522 0.004464
4 0.314061 0.221815 0.002500 0.004453
4 0.293943 0.221819 0.002519 0.004505
4 0.273815 0.221841 0.002568 0.004509
4 0.253683 0.221816 0.002502 0.004464
4 0.233559 0.221816 0.002523 0.004473
4 0.213429 0.221831 0.002558 0.004454
4 0.193300 0.221828 0.002525 0.004454
4 0.173175 0.221832 0.002497 0.004503
4 0.153035 0.221806 0.002548 0.004473
4 0.132933 0.221824 0.002549 0.004438
4 0.171617 0.176468 0.002522 0.004505
4 0.112123 0.135315 0.002549 0.004486
4 0.112122 0.185246 0.002514 0.004461
4 0.112120 0.221835 0.002522 0.004436
4 0.112132 0.263628 0.002531 0.004435
4 0.112136 0.296758 0.002561 0.004416
4 0.112135 0.343710 0.002557 0.004479
4 0.112137 0.372882 0.002561 0.004402
4 0.112115 0.408790 0.002530 0.004453
4 0.133601 0.408809 0.002535 0.004482
4 0.112128 0.441930 0.002557 0.004473
4 0.133586 0.441948 0.002589 0.004471
4 0.133593 0.479776 0.002574 0.004430
4 0.112133 0.479790 0.002527 0.004376
4 0.112129 0.512923 0.002535 0.004430
4 0.133597 0.512916 0.002551 0.004444
4 0.133582 0.550786 0.002581 0.004403
4 0.112137 0.550786 0.002551 0.004458
4 0.112129 0.583919 0.002566 0.004458
4 0.133590 0.583898 0.002566 0.004471
4 0.112135 0.619813 0.002557 0.004436
4 0.112131 0.649007 0.002564 0.004509
4 0.112118 0.695925 0.002561 0.004459
4 0.112134 0.729049 0.002554 0.004425
4 0.112124 0.770845 0.002522 0.004402
4 0.112115 0.807465 0.002541 0.004448
4 0.112137 0.857358 0.002548 0.004493
4 0.132931 0.770860 0.002529 0.004539
4 0.153042 0.770864 0.002526 0.004542
4 0.173191 0.770871 0.002543 0.004509
4 0.193309 0.770859 0.002543 0.004534
4 0.213442 0.770871 0.002543 0.004559
4 0.233561 0.770884 0.002515 0.004534
4 0.171616 0.725475 0.002575 0.004488
4 0.253689 0.770859 0.002525 0.004515
4 0.273810 0.770856 0.002560 0.004515
4 0.293947 0.770850 0.002527 0.004540
4 0.314066 0.770855 0.002527 0.004489
4 0.334194 0.770855 0.002533 0.004551
4 0.354319 0.770871 0.002522 0.004561
4 0.374445 0.770850 0.002526 0.004530
4 0.394574 0.770896 0.002560 0.004470
4 0.392900 0.737716 0.002558 0.004483
4 0.396387 0.709245 0.002514 0.004486
4 0.396380 0.687718 0.002544 0.004486
4 0.368993 0.687707 0.002564 0.004456
4 0.368966 0.709275 0.002543 0.004475
4 0.420406 0.770877 0.002561 0.004479
4 0.436724 0.770877 0.002529 0.004517
4 0.453054 0.770858 0.002518 0.004555
4 0.469394 0.770858 0.002529 0.004517
4 0.500899 0.770862 0.002561 0.004517
4 0.517240 0.770856 0.002504 0.004529
4 0.533563 0.770849 0.002483 0.004567
4 0.549890 0.770868 0.002525 0.004554
4 0.575729 0.770912 0.002560 0.004602
4 0.595846 0.770897 0.002560 0.004515
4 0.577407 0.737740 0.002551 0.004472
4 0.573906 0.709246 0.002532 0.004465
4 0.601323 0.709255 0.002542 0.004447
4 0.601307 0.687711 0.002573 0.004502
4 0.573916 0.687729 0.002594 0.004465
4 0.615980 0.770877 0.002524 0.004541
4 0.636114 0.770855 0.002562 0.004496
4 0.656215 0.770877 0.002562 0.004496
4 0.676349 0.770855 0.002498 0.004496
4 0.696488 0.770866 0.002549 0.004518
4 0.716609 0.770877 0.002511 0.004541
4 0.736726 0.770876 0.002502 0.004520
4 0.756878 0.770849 0.002512 0.004502
4 0.776985 0.770876 0.002573 0.004520
4 0.797102 0.770868 0.002540 0.004479
4 0.817245 0.770888 0.002549 0.004543
4 0.837364 0.770876 0.002522 0.004519
4 0.796000 0.725500 0.002522 0.004487
4 0.858158 0.857383 0.002548 0.004495
4 0.858144 0.807526 0.002576 0.004495
4 0.858158 0.770869 0.002548 0.004421
4 0.858158 0.729056 0.002576 0.004445
4 0.858163 0.695927 0.002557 0.004477
4 0.858168 0.648993 0.002557 0.004470
4 0.858174 0.619782 0.002546 0.004430
4 0.858174 0.583903 0.002565 0.004509
4 0.836700 0.583896 0.002573 0.004502
4 0.836705 0.550768 0.002563 0.004502
4 0.858171 0.550795 0.002563 0.004485
4 0.858176 0.512902 0.002533 0.004415
4 0.836705 0.512920 0.002583 0.004450
4 0.836705 0.479784 0.002583 0.004432
4 0.858171 0.479784 0.002563 0.004397
4 0.858166 0.441926 0.002553 0.004467
4 0.836700 0.441918 0.002573 0.004450
4 0.836686 0.408817 0.002543 0.004502
4 0.858171 0.408790 0.002543 0.004520
4 0.858159 0.372901 0.002565 0.004487
4 0.858164 0.343719 0.002555 0.004543
4 0.858164 0.296762 0.002533 0.004449
4 0.858164 0.263643 0.002576 0.004468
4 0.858164 0.221826 0.002555 0.004468
4 0.858175 0.185214 0.002533 0.004468
4 0.858159 0.135304 0.002565 0.004487
4 0.837360 0.221838 0.002547 0.004444
4 0.817254 0.221824 0.002553 0.004486
4 0.797135 0.221832 0.002497 0.004437
4 0.776985 0.221832 0.002544 0.004503
4 0.756880 0.221815 0.002553 0.004503
4 0.736739 0.221840 0.002507 0.004454
4 0.716607 0.221824 0.002553 0.004486
4 0.696475 0.221840 0.002525 0.004454
4 0.676361 0.221824 0.002516 0.004454
4 0.656225 0.221832 0.002553 0.004503
4 0.636111 0.221824 0.002544 0.004486
4 0.615979 0.221824 0.002497 0.004486
4 0.595842 0.221824 0.002535 0.004454
4 0.575719 0.221832 0.002525 0.004437
4 0.795997 0.176508 0.002557 0.004509
4 0.577396 0.188688 0.002543 0.004496
4 0.573909 0.160199 0.002535 0.004490
4 0.573926 0.138690 0.002568 0.004509
4 0.601306 0.138709 0.002568 0.004509
4 0.601333 0.160218 0.002535 0.004414
2 0.152395 0.150074 0.002553 0.004445
2 0.154393 0.185516 0.002537 0.004386
2 0.142099 0.187534 0.002553 0.004445
2 0.130262 0.185500 0.002508 0.004356
2 0.131818 0.150035 0.002564 0.004523
2 0.131802 0.698282 0.002520 0.004480
2 0.152381 0.698264 0.002520 0.004480
2 0.154389 0.733773 0.002520 0.004426
2 0.140191 0.737341 0.002520 0.004444
2 0.130240 0.733773 0.002551 0.004462
2 0.817921 0.698297 0.002533 0.004487
2 0.838496 0.698288 0.002512 0.004468
2 0.840065 0.733780 0.002512 0.004487
2 0.830111 0.737323 0.002512 0.004393
2 0.815907 0.733780 0.002533 0.004449
2 0.817915 0.150028 0.002524 0.004499
2 0.838496 0.150020 0.002514 0.004483
2 0.840058 0.185519 0.002514 0.004434
2 0.828204 0.187507 0.002505 0.004434
2 0.815896 0.185535 0.002514 0.004434
17 0.183260 0.221894 0.002527 0.004340
17 0.263731 0.221899 0.002505 0.004356
17 0.303988 0.221969 0.002547 0.004404
17 0.344249 0.221944 0.002615 0.004342
17 0.384528 0.221894 0.002540 0.004480
17 0.396494 0.188595 0.002550 0.004498
17 0.396381 0.166585 0.002532 0.004466
17 0.368973 0.166472 0.002627 0.004386
17 0.108505 0.221810 0.002505 0.004322
17 0.108538 0.185220 0.002593 0.004515
27 0.101679 0.170291 0.001580 0.006271
27 0.163140 0.202638 0.003648 0.002778
17 0.142965 0.221841 0.002472 0.004396
17 0.171583 0.170104 0.002527 0.004423
27 0.203336 0.202601 0.003662 0.002881
27 0.243616 0.202632 0.003548 0.002785
27 0.283898 0.202635 0.003600 0.002945
27 0.324150 0.202617 0.003605 0.002818
27 0.364394 0.202628 0.003691 0.002834
17 0.223492 0.221857 0.002576 0.004253
25 0.112107 0.202683 0.003618 0.003059
25 0.112109 0.672511 0.003623 0.003062
25 0.112127 0.790026 0.003655 0.003061
25 0.397901 0.731206 0.003660 0.003069
25 0.572379 0.731196 0.003650 0.003094
25 0.858177 0.790011 0.003582 0.003076
25 0.858193 0.672491 0.003629 0.003057
25 0.858191 0.202696 0.003611 0.003006
25 0.572383 0.182204 0.003623 0.003080