9 0.161343 0.194319 0.002581 0.004466
9 0.147477 0.197448 0.002536 0.004445
9 0.136743 0.197433 0.002587 0.004397
9 0.123758 0.194350 0.002531 0.004526
9 0.123773 0.743372 0.002537 0.004560
9 0.143923 0.742918 0.002493 0.004495
9 0.147473 0.746449 0.002524 0.004341
9 0.160551 0.746471 0.002554 0.004348
9 0.846541 0.743391 0.002583 0.004580
9 0.826386 0.742915 0.002487 0.004518
9 0.822834 0.746477 0.002531 0.004377
9 0.809731 0.746471 0.002554 0.004363
9 0.808992 0.194315 0.002557 0.004509
9 0.822828 0.197421 0.002548 0.004421
9 0.833566 0.197432 0.002554 0.004430
9 0.846528 0.197556 0.002536 0.004680