4 0.396390 0.138722 0.002587 0.004473
4 0.368990 0.138700 0.002575 0.004429
4 0.368964 0.160194 0.002524 0.004473
4 0.396409 0.160217 0.002524 0.004473
4 0.392909 0.188690 0.002549 0.004429
4 0.394593 0.221841 0.002573 0.004467
4 0.374462 0.221806 0.002513 0.004467
4 0.354333 0.221797 0.002521 0.004472
4 0.334205 0.221837 0.002536 0.004499
4 0.314061 0.221837 0.002521 0.004499
4 0.293940 0.221850 0.002461 0.004472
4 0.273819 0.221850 0.002521 0.004472
4 0.253683 0.221824 0.002521 0.004472
4 0.233569 0.221824 0.002536 0.004472
4 0.213440 0.221824 0.002551 0.004525
4 0.193297 0.221837 0.002506 0.004499
4 0.173175 0.221837 0.002536 0.004446
4 0.171630 0.176453 0.002566 0.004446
4 0.153047 0.221824 0.002581 0.004472
4 0.132945 0.221841 0.002523 0.004470
4 0.112115 0.221851 0.002512 0.004410
4 0.112137 0.185243 0.002557 0.004410
4 0.112126 0.135354 0.002512 0.004470
4 0.112125 0.263632 0.002553 0.004435
4 0.112135 0.296808 0.002572 0.004502
4 0.112145 0.343745 0.002591 0.004536
4 0.112135 0.372927 0.002534 0.004536
4 0.112125 0.408794 0.002553 0.004502
4 0.133605 0.408811 0.002553 0.004469
4 0.133595 0.441936 0.002572 0.004502
4 0.112145 0.441970 0.002553 0.004570
4 0.112125 0.479784 0.002553 0.004435
4 0.133595 0.479801 0.002611 0.004469
4 0.133586 0.512910 0.002553 0.004469
4 0.112135 0.512943 0.002572 0.004469
4 0.112145 0.550791 0.002591 0.004536
4 0.133595 0.550774 0.002572 0.004435
4 0.133586 0.583917 0.002591 0.004502
4 0.112106 0.583917 0.002515 0.004502
4 0.112135 0.619852 0.002534 0.004469
4 0.112145 0.648982 0.002553 0.004502
4 0.112125 0.695903 0.002553 0.004502
4 0.112125 0.729062 0.002591 0.004401
4 0.112135 0.770837 0.002534 0.004401
4 0.112116 0.807483 0.002534 0.004502
4 0.112145 0.857400 0.002553 0.004536
4 0.132953 0.770846 0.002539 0.004571
4 0.153042 0.770877 0.002574 0.004571
4 0.173209 0.770892 0.002592 0.004540
4 0.171626 0.725493 0.002522 0.004540
4 0.193298 0.770877 0.002592 0.004632
4 0.213430 0.770892 0.002574 0.004601
4 0.233563 0.770923 0.002557 0.004540
4 0.253704 0.770877 0.002557 0.004571
4 0.273819 0.770877 0.002609 0.004632
4 0.293934 0.770892 0.002557 0.004601
4 0.314084 0.770877 0.002505 0.004571
4 0.334199 0.770877 0.002557 0.004571
4 0.354332 0.770907 0.002539 0.004571
4 0.374455 0.770877 0.002539 0.004571
4 0.394588 0.770892 0.002557 0.004601
4 0.392899 0.737709 0.002529 0.004461
4 0.396400 0.709297 0.002561 0.004498
4 0.396384 0.687716 0.002550 0.004479
4 0.368984 0.687707 0.002561 0.004498
4 0.368978 0.709241 0.002550 0.004498
4 0.420409 0.770884 0.002579 0.004549
4 0.436725 0.770884 0.002579 0.004549
4 0.453051 0.770868 0.002523 0.004582
4 0.469414 0.770851 0.002579 0.004483
4 0.500897 0.770884 0.002598 0.004615
4 0.517260 0.770901 0.002542 0.004582
4 0.533586 0.770884 0.002598 0.004549
4 0.549893 0.770868 0.002579 0.004648
4 0.575741 0.770901 0.002579 0.004582
4 0.577391 0.737744 0.002559 0.004531
4 0.573887 0.709248 0.002569 0.004495
4 0.573908 0.687697 0.002590 0.004495
4 0.601314 0.687697 0.002590 0.004495
4 0.601329 0.709276 0.002538 0.004476
4 0.595858 0.770896 0.002540 0.004555
4 0.615981 0.770858 0.002497 0.004529
4 0.636118 0.770858 0.002540 0.004529
4 0.656226 0.770871 0.002583 0.004555
4 0.676371 0.770884 0.002497 0.004529
4 0.696508 0.770884 0.002568 0.004529
4 0.716595 0.770858 0.002568 0.004529
4 0.736732 0.770871 0.002554 0.004555
4 0.756862 0.770909 0.002554 0.004529
4 0.776992 0.770871 0.002583 0.004605
4 0.797100 0.770884 0.002568 0.004529
4 0.795996 0.725475 0.002568 0.004504
4 0.817245 0.770871 0.002540 0.004605
4 0.837368 0.770884 0.002554 0.004580
4 0.858158 0.770846 0.002583 0.004504
4 0.858180 0.807480 0.002557 0.004509
4 0.858168 0.857366 0.002557 0.004509
4 0.858168 0.729066 0.002580 0.004448
4 0.858174 0.695896 0.002568 0.004489
4 0.858174 0.648988 0.002541 0.004464
4 0.858183 0.619797 0.002561 0.004413
4 0.858174 0.583901 0.002561 0.004464
4 0.858169 0.550771 0.002551 0.004464
4 0.858159 0.512918 0.002551 0.004395
4 0.858174 0.479788 0.002561 0.004430
4 0.858167 0.441954 0.002557 0.004488
4 0.858173 0.408803 0.002521 0.004488
4 0.836689 0.408792 0.002569 0.004509
4 0.836695 0.441954 0.002557 0.004530
4 0.836707 0.479802 0.002580 0.004447
4 0.836707 0.512922 0.002580 0.004426
4 0.836713 0.550792 0.002592 0.004467
4 0.836707 0.583922 0.002604 0.004467
4 0.858180 0.372929 0.002553 0.004467
4 0.858160 0.343719 0.002553 0.004538
4 0.858170 0.296765 0.002573 0.004502
4 0.858170 0.263672 0.002573 0.004325
4 0.858180 0.221841 0.002593 0.004467
4 0.858170 0.185239 0.002573 0.004502
4 0.858180 0.135326 0.002553 0.004573
4 0.837361 0.221824 0.002551 0.004419
4 0.817246 0.221836 0.002551 0.004498
4 0.797130 0.221836 0.002520 0.004498
4 0.795993 0.176460 0.002535 0.004418
4 0.776992 0.221822 0.002535 0.004525
4 0.756870 0.221836 0.002551 0.004445
4 0.736754 0.221822 0.002520 0.004472
4 0.716609 0.221822 0.002520 0.004472
4 0.696486 0.221809 0.002566 0.004498
4 0.676355 0.221822 0.002535 0.004525
4 0.656240 0.221849 0.002535 0.004472
4 0.636133 0.221809 0.002551 0.004445
4 0.615972 0.221836 0.002520 0.004498
4 0.595826 0.221836 0.002551 0.004498
4 0.575734 0.221836 0.002566 0.004445
4 0.577391 0.188663 0.002581 0.004525
4 0.573878 0.160190 0.002551 0.004472
4 0.573916 0.138735 0.002566 0.004498
4 0.601294 0.138722 0.002581 0.004472
4 0.601317 0.160204 0.002535 0.004498
1 0.798250 0.140995 0.002581 0.004553
1 0.798244 0.689992 0.002553 0.004518
1 0.172052 0.689996 0.002580 0.004509
1 0.172048 0.140949 0.002571 0.004473
2 0.131802 0.150033 0.002545 0.004437
2 0.152392 0.150050 0.002496 0.004471
2 0.154401 0.185546 0.002496 0.004471
2 0.142090 0.187533 0.002506 0.004454
2 0.130256 0.185546 0.002516 0.004471
2 0.131804 0.698260 0.002525 0.004393
2 0.152378 0.698275 0.002516 0.004452
2 0.154398 0.733768 0.002525 0.004467
2 0.140195 0.737317 0.002499 0.004393
2 0.130245 0.733798 0.002525 0.004438
2 0.817920 0.698279 0.002548 0.004513
2 0.838495 0.698251 0.002528 0.004458
2 0.840067 0.733792 0.002533 0.004487
2 0.830111 0.737313 0.002501 0.004449
2 0.815895 0.733754 0.002533 0.004411
2 0.817917 0.150033 0.002532 0.004466
2 0.838495 0.150043 0.002532 0.004487
2 0.840082 0.185507 0.002495 0.004400
2 0.828212 0.187512 0.002520 0.004487
2 0.815904 0.185518 0.002532 0.004466
17 0.108512 0.221846 0.002461 0.004402
17 0.142995 0.221872 0.002554 0.004413
27 0.163159 0.202629 0.003653 0.002722
17 0.183236 0.221838 0.002502 0.004344
27 0.203412 0.202575 0.003545 0.002723
27 0.243626 0.202597 0.003587 0.002708
17 0.223498 0.221866 0.002630 0.004374
17 0.263726 0.221854 0.002536 0.004290
17 0.303973 0.221890 0.002615 0.004275
17 0.344245 0.221853 0.002559 0.004229
17 0.384544 0.221849 0.002531 0.004400
27 0.364397 0.202596 0.003632 0.002855
17 0.368984 0.166436 0.002636 0.004416
17 0.396380 0.166486 0.002519 0.004561
17 0.396493 0.188693 0.002609 0.004325
17 0.396402 0.132406 0.002615 0.004451
17 0.368970 0.132361 0.002580 0.004488
27 0.388155 0.169670 0.003565 0.002683
27 0.283900 0.202561 0.003628 0.002742
17 0.171581 0.170080 0.002448 0.004351
27 0.605915 0.202682 0.003633 0.002735
27 0.646156 0.202575 0.003570 0.002767
27 0.686413 0.202561 0.003570 0.002878
27 0.726730 0.202610 0.003599 0.002788
27 0.766948 0.202559 0.003583 0.002791
27 0.807156 0.202598 0.003714 0.002807
27 0.807183 0.751592 0.003619 0.002854
17 0.827317 0.770888 0.002546 0.004414
17 0.787029 0.770903 0.002591 0.004369
27 0.766917 0.751585 0.003557 0.002781
27 0.726680 0.751779 0.003586 0.002540
27 0.686430 0.751603 0.003598 0.002912
17 0.706547 0.770891 0.002615 0.004477
17 0.666267 0.770852 0.002573 0.004424
17 0.626059 0.770885 0.002512 0.004430
27 0.605902 0.751668 0.003644 0.002745
17 0.573855 0.737710 0.002583 0.004479
27 0.558071 0.751610 0.003587 0.002818
27 0.525392 0.751607 0.003550 0.002745
27 0.444876 0.751589 0.003515 0.002858
27 0.412228 0.751673 0.003617 0.002663
17 0.428585 0.770918 0.002542 0.004375
17 0.384535 0.770882 0.002572 0.004423
27 0.364391 0.751594 0.003610 0.002690
17 0.344275 0.770971 0.002555 0.004146
27 0.324141 0.751593 0.003572 0.002818
27 0.283876 0.751570 0.003622 0.002877
27 0.243577 0.751664 0.003634 0.002705
27 0.203346 0.751631 0.003698 0.002799
17 0.183272 0.770838 0.002549 0.004538
25 0.112136 0.202686 0.003624 0.003113
25 0.112121 0.672513 0.003630 0.003087
25 0.112097 0.790013 0.003618 0.003055
25 0.397920 0.731206 0.003570 0.003114
25 0.572368 0.731215 0.003554 0.003170
25 0.858194 0.202685 0.003605 0.003065
25 0.572348 0.182225 0.003594 0.002988
25 0.858178 0.789990 0.003654 0.003002