9 0.123773 0.194384 0.002592 0.004572
9 0.136729 0.197526 0.002533 0.004593
9 0.147471 0.197547 0.002498 0.004593
9 0.161308 0.194353 0.002545 0.004509
9 0.123784 0.743408 0.002522 0.004624
9 0.143912 0.742915 0.002509 0.004409
9 0.147471 0.746568 0.002546 0.004570
9 0.160560 0.746584 0.002537 0.004603
9 0.809732 0.746555 0.002581 0.004580
9 0.822850 0.746583 0.002541 0.004609
9 0.826387 0.742911 0.002476 0.004495
9 0.846528 0.743407 0.002541 0.004580
9 0.846529 0.194420 0.002551 0.004630
9 0.833583 0.194420 0.002542 0.004662
9 0.822838 0.194436 0.002533 0.004662
9 0.808995 0.194412 0.002524 0.004614