1 0.172055 0.140942 0.002559 0.004476
1 0.172050 0.690008 0.002569 0.004550
1 0.798241 0.690011 0.002557 0.004509
1 0.798234 0.140954 0.002534 0.004489
2 0.131790 0.150032 0.002523 0.004395
2 0.152388 0.150045 0.002523 0.004477
2 0.154396 0.185520 0.002477 0.004450
2 0.142097 0.187500 0.002523 0.004450
2 0.130259 0.185533 0.002508 0.004477
2 0.131807 0.698279 0.002535 0.004437
2 0.152397 0.698254 0.002506 0.004385
2 0.154401 0.733784 0.002496 0.004489
2 0.140193 0.737318 0.002516 0.004403
2 0.130252 0.733784 0.002545 0.004489
2 0.817919 0.698285 0.002511 0.004428
2 0.838493 0.698257 0.002521 0.004421
2 0.840082 0.733785 0.002561 0.004450
2 0.830111 0.737329 0.002542 0.004417
2 0.815906 0.733785 0.002542 0.004450
2 0.817925 0.150018 0.002527 0.004489
2 0.838477 0.150051 0.002527 0.004489
2 0.840080 0.185567 0.002527 0.004489
2 0.828201 0.187529 0.002489 0.004489
2 0.815898 0.185567 0.002508 0.004489
17 0.142981 0.770948 0.002538 0.004422
17 0.183235 0.771034 0.002594 0.004282
17 0.223465 0.770888 0.002536 0.004250
17 0.263750 0.770916 0.002568 0.004360
27 0.243587 0.751622 0.003621 0.002793
27 0.203402 0.751610 0.003565 0.002794
27 0.163134 0.751581 0.003594 0.002788
17 0.108550 0.770841 0.002521 0.004180
17 0.112100 0.712480 0.002547 0.004492
17 0.108546 0.807426 0.002643 0.004457
27 0.444905 0.751596 0.003574 0.002885
27 0.412221 0.751577 0.003651 0.002834
27 0.364386 0.751598 0.003654 0.002895
27 0.324133 0.751624 0.003596 0.002821
27 0.283863 0.751637 0.003593 0.002770
17 0.142958 0.221913 0.002588 0.004259
27 0.163134 0.202572 0.003646 0.002903
17 0.183222 0.221905 0.002583 0.004276
27 0.324137 0.202578 0.003544 0.002769
27 0.283895 0.202587 0.003650 0.002875
27 0.364400 0.202592 0.003585 0.002721
17 0.368983 0.166446 0.002536 0.004451
17 0.368996 0.132417 0.002519 0.004466
27 0.605923 0.202661 0.003644 0.002733
27 0.646187 0.202570 0.003569 0.002762
27 0.686455 0.202653 0.003528 0.002788
27 0.726760 0.202626 0.003583 0.002827
27 0.766937 0.202604 0.003660 0.002869
27 0.807190 0.202583 0.003645 0.002777
25 0.858214 0.202636 0.003646 0.003029
25 0.858237 0.672565 0.003720 0.003184
25 0.858273 0.790073 0.003720 0.003184
25 0.572386 0.731198 0.003607 0.003098
25 0.397922 0.731217 0.003631 0.003070
25 0.112123 0.790003 0.003600 0.003067
25 0.112148 0.672499 0.003600 0.003110
25 0.112111 0.202721 0.003520 0.003173
25 0.572370 0.182205 0.003577 0.003129