9 0.161318 0.194326 0.002583 0.004474
9 0.147471 0.197527 0.002514 0.004645
9 0.136741 0.197520 0.002565 0.004599
9 0.123765 0.194401 0.002557 0.004614
9 0.123788 0.743416 0.002507 0.004606
9 0.143922 0.742917 0.002523 0.004435
9 0.147472 0.746568 0.002539 0.004578
9 0.160555 0.746568 0.002571 0.004578
9 0.809738 0.746576 0.002585 0.004582
9 0.822829 0.746558 0.002558 0.004547
9 0.826389 0.742930 0.002478 0.004500
9 0.846527 0.743413 0.002558 0.004618
9 0.846525 0.194399 0.002541 0.004644
9 0.833581 0.197556 0.002554 0.004646
9 0.822829 0.197543 0.002547 0.004646
9 0.808980 0.194345 0.002547 0.004504