1 0.172064 0.140956 0.002583 0.004523
1 0.172068 0.690022 0.002585 0.004559
1 0.798257 0.690004 0.002585 0.004452
1 0.798247 0.140970 0.002605 0.004488
2 0.131803 0.150004 0.002543 0.004464
2 0.152386 0.150046 0.002507 0.004464
2 0.154399 0.185526 0.002484 0.004464
2 0.142098 0.187509 0.002507 0.004484
2 0.130267 0.185536 0.002484 0.004484
2 0.131799 0.699050 0.002505 0.004466
2 0.152377 0.699062 0.002519 0.004442
2 0.154391 0.734552 0.002541 0.004413
2 0.140193 0.738114 0.002502 0.004413
2 0.130250 0.734552 0.002554 0.004413
2 0.817926 0.699081 0.002529 0.004485
2 0.838492 0.699019 0.002529 0.004460
2 0.840064 0.734576 0.002543 0.004460
2 0.830116 0.738099 0.002515 0.004460
2 0.815900 0.734563 0.002557 0.004386
2 0.817916 0.150016 0.002489 0.004482
2 0.838486 0.150005 0.002528 0.004367
2 0.840076 0.185537 0.002528 0.004413
2 0.828185 0.187513 0.002489 0.004459
2 0.815903 0.185514 0.002528 0.004459
27 0.163113 0.202547 0.003630 0.002910
27 0.203351 0.202566 0.003568 0.002896
27 0.243561 0.202547 0.003634 0.002826
27 0.283903 0.202611 0.003569 0.002858
27 0.324148 0.202558 0.003569 0.002822
27 0.364395 0.202557 0.003610 0.002839
27 0.163101 0.751582 0.003654 0.002862
27 0.203357 0.751541 0.003601 0.002858
27 0.243544 0.751565 0.003647 0.002858
27 0.283886 0.751615 0.003671 0.002840
27 0.324131 0.751550 0.003593 0.002855
27 0.364386 0.751552 0.003640 0.002796
27 0.605917 0.751575 0.003634 0.002822
27 0.646158 0.751550 0.003606 0.002853
27 0.686420 0.751561 0.003658 0.002800
27 0.726688 0.751574 0.003633 0.002852
27 0.766935 0.751550 0.003603 0.002855
27 0.807185 0.751553 0.003626 0.002912
27 0.807153 0.202544 0.003659 0.002815
27 0.766939 0.202555 0.003621 0.002799
27 0.726719 0.202571 0.003674 0.002844
27 0.686397 0.202586 0.003594 0.002875
27 0.646163 0.202554 0.003583 0.002783
27 0.605880 0.202527 0.003643 0.002836
17 0.573814 0.188688 0.002600 0.004519
17 0.666258 0.221751 0.002564 0.004442
17 0.706531 0.221853 0.002580 0.004357
17 0.746805 0.221875 0.002583 0.004448
17 0.787022 0.221830 0.002541 0.004481
17 0.827306 0.221825 0.002546 0.004452
17 0.861730 0.221851 0.002585 0.004559
17 0.861739 0.185263 0.002606 0.004488
17 0.861728 0.135340 0.002545 0.004488
17 0.858088 0.280228 0.002397 0.004541
17 0.858144 0.358282 0.002462 0.004405
17 0.836686 0.425361 0.002521 0.004446
17 0.858056 0.425380 0.002355 0.004529
17 0.836679 0.496291 0.002524 0.004354
17 0.858077 0.496388 0.002334 0.004408
17 0.858062 0.567391 0.002299 0.004582
17 0.836662 0.567424 0.002523 0.004582
17 0.858095 0.634377 0.002411 0.004509
17 0.858126 0.712511 0.002428 0.004521
17 0.861729 0.770848 0.002608 0.004347
17 0.861724 0.807477 0.002547 0.004536
17 0.861733 0.857350 0.002604 0.004523
17 0.827303 0.770915 0.002560 0.004322
17 0.787029 0.770981 0.002625 0.004379
17 0.746806 0.770992 0.002529 0.004385
17 0.706570 0.770952 0.002591 0.004367
17 0.666280 0.770924 0.002553 0.004316
17 0.626050 0.770948 0.002543 0.004302
17 0.585800 0.770898 0.002562 0.004436
25 0.112126 0.202695 0.003635 0.003039
25 0.112117 0.672445 0.003572 0.003021
25 0.112126 0.790011 0.003603 0.003076
25 0.397932 0.731212 0.003599 0.003107
25 0.397912 0.182249 0.003602 0.003042
25 0.572358 0.182192 0.003610 0.003111
25 0.858196 0.202640 0.003644 0.003072
25 0.858196 0.672498 0.003622 0.003065
25 0.858186 0.790037 0.003598 0.003034