9 0.161746 0.193622 0.002549 0.004675
9 0.147360 0.198370 0.002538 0.004661
9 0.136611 0.198362 0.002586 0.004644
9 0.123765 0.193608 0.002557 0.004661
9 0.123789 0.743460 0.002527 0.004686
9 0.143974 0.742904 0.002631 0.004518
9 0.147459 0.747362 0.002562 0.004579
9 0.160562 0.747331 0.002545 0.004549
9 0.809741 0.747337 0.002581 0.004651
9 0.822833 0.747337 0.002556 0.004629
9 0.826345 0.742913 0.002543 0.004485
9 0.846531 0.743468 0.002556 0.004662
9 0.846513 0.193604 0.002515 0.004644
9 0.833667 0.198327 0.002612 0.004583
9 0.822958 0.198333 0.002564 0.004619
9 0.808542 0.193628 0.002571 0.004644