6 0.315469 0.212451 0.004855 0.006123
6 0.395884 0.204579 0.004806 0.005968
5 0.431411 0.300171 0.004920 0.005928
5 0.526046 0.300197 0.004709 0.005925
6 0.561587 0.204641 0.004777 0.006092
6 0.642005 0.212446 0.004818 0.006037
24 0.315531 0.183117 0.004985 0.006972
25 0.363587 0.215808 0.007188 0.004816
24 0.375799 0.183759 0.004879 0.007304
24 0.581477 0.183855 0.004979 0.007356
25 0.593760 0.215833 0.007215 0.004854
24 0.641920 0.183021 0.005027 0.006962
33 0.232553 0.061135 0.009980 0.014045
33 0.355689 0.196721 0.005036 0.007151
33 0.601755 0.196671 0.005140 0.007219
33 0.232624 0.414394 0.009903 0.013992