4 0.260439 0.175277 0.005025 0.007409
5 0.259727 0.201652 0.004944 0.005938
6 0.264564 0.226848 0.004865 0.006156
5 0.308440 0.215366 0.004888 0.006155
6 0.308407 0.212499 0.004955 0.005779
5 0.403083 0.215348 0.004844 0.006140
6 0.402994 0.212504 0.004808 0.005788
4 0.417213 0.211220 0.005026 0.007367
4 0.450943 0.175162 0.005122 0.007238
5 0.451658 0.201603 0.004986 0.006009
6 0.446748 0.226811 0.004831 0.006220
4 0.442686 0.225471 0.005153 0.007282
6 0.453023 0.270805 0.005010 0.006075
4 0.413061 0.285273 0.005065 0.007387
5 0.394658 0.263940 0.005023 0.006092
5 0.387696 0.263968 0.005023 0.006148
4 0.373372 0.275079 0.005037 0.007343
4 0.337947 0.275117 0.005100 0.007269
5 0.323644 0.263974 0.004961 0.006120
5 0.316702 0.263947 0.005072 0.006068
4 0.298237 0.285073 0.005114 0.007289
4 0.254520 0.296476 0.005129 0.007146
6 0.258377 0.270836 0.004980 0.006156
4 0.456854 0.296383 0.005170 0.007182
4 0.500636 0.296512 0.005218 0.007170
6 0.504465 0.270864 0.004927 0.006135
6 0.510713 0.226838 0.004812 0.006194
4 0.514850 0.225394 0.005109 0.007126
5 0.505815 0.201694 0.005021 0.005996
4 0.540218 0.211130 0.005105 0.007113
6 0.554458 0.212545 0.004914 0.005718
5 0.554472 0.215363 0.004827 0.006126
5 0.587816 0.234105 0.004854 0.005988
5 0.613398 0.197790 0.005088 0.005950
4 0.544411 0.285077 0.004992 0.007054
5 0.562737 0.263902 0.004843 0.005978
5 0.569765 0.263961 0.004927 0.006175
4 0.584033 0.275090 0.005061 0.007236
4 0.619585 0.275130 0.005096 0.007110
5 0.633668 0.263910 0.005039 0.006009
5 0.640776 0.263952 0.004806 0.006092
4 0.659141 0.285127 0.005058 0.007297
4 0.702965 0.296398 0.005043 0.007079
6 0.699063 0.270830 0.004939 0.006001
6 0.692839 0.226798 0.004807 0.006266
4 0.688692 0.225410 0.005044 0.007414
5 0.697704 0.201603 0.005017 0.005941
5 0.649025 0.215271 0.004899 0.006017
6 0.649025 0.212478 0.005010 0.005860
4 0.663283 0.211242 0.005139 0.007261
4 0.696980 0.175177 0.005123 0.007048
5 0.343989 0.197810 0.004970 0.006073
4 0.268756 0.225424 0.005075 0.007216
4 0.294187 0.211166 0.005127 0.007195
5 0.369607 0.234101 0.004872 0.005845
4 0.506526 0.175125 0.005132 0.007166
4 0.702976 0.771823 0.005010 0.007248
6 0.699084 0.746284 0.004967 0.006042
6 0.692854 0.702139 0.004840 0.006116
4 0.688683 0.700666 0.004997 0.007061
4 0.663355 0.686483 0.005193 0.007159
5 0.649095 0.690701 0.004769 0.006126
6 0.648999 0.688012 0.004962 0.005922
4 0.659212 0.760598 0.005078 0.007175
5 0.634863 0.764243 0.004806 0.006092
4 0.620131 0.762206 0.005145 0.007270
4 0.583432 0.762161 0.005308 0.007352
5 0.568635 0.764248 0.004850 0.006068
5 0.562746 0.739335 0.004883 0.006087
4 0.544411 0.760507 0.005030 0.007194
4 0.500651 0.771744 0.005101 0.007207
6 0.504435 0.746226 0.004993 0.006079
4 0.456817 0.771761 0.005025 0.007100
6 0.453010 0.746283 0.005039 0.006015
6 0.446807 0.702158 0.004877 0.006100
4 0.442649 0.700774 0.005117 0.007287
4 0.417211 0.686526 0.005178 0.007204
5 0.402957 0.690713 0.004850 0.006126
6 0.402893 0.687922 0.004914 0.005899
5 0.369684 0.709568 0.004978 0.005809
5 0.451612 0.677015 0.004865 0.005878
4 0.450902 0.650595 0.005140 0.007163
4 0.506561 0.650618 0.005085 0.007185
5 0.505836 0.676928 0.005037 0.005837
6 0.510628 0.702144 0.004851 0.006135
4 0.514865 0.700747 0.005060 0.007235
4 0.540205 0.686444 0.005094 0.007119
5 0.554445 0.690677 0.004873 0.006068
6 0.554466 0.687818 0.004914 0.005776
5 0.587808 0.709495 0.004898 0.005734
5 0.613408 0.673130 0.004913 0.006004
4 0.601764 0.651868 0.005117 0.007230
5 0.588671 0.643975 0.004727 0.006079
5 0.697753 0.676882 0.004865 0.005886
4 0.697041 0.650578 0.005112 0.007248
4 0.388239 0.597916 0.005078 0.007271
4 0.355694 0.651861 0.005060 0.007277
5 0.368766 0.644024 0.004801 0.006178
5 0.343997 0.673072 0.004871 0.006017
6 0.308417 0.687832 0.004946 0.005835
5 0.308393 0.690716 0.004754 0.006039
4 0.294179 0.686518 0.005118 0.007297
4 0.268689 0.700710 0.005061 0.007236
6 0.264507 0.702188 0.004940 0.006252
5 0.259718 0.676871 0.005071 0.005843
4 0.260429 0.650596 0.005079 0.007208
6 0.258352 0.746226 0.005019 0.005929
4 0.254523 0.771814 0.005074 0.007209
4 0.298329 0.760506 0.005065 0.007329
4 0.337376 0.762112 0.005192 0.007285
5 0.322509 0.764267 0.004865 0.006053
5 0.316723 0.739293 0.004978 0.006081
4 0.373985 0.762144 0.005240 0.007254
5 0.388748 0.764208 0.004766 0.006009
5 0.394686 0.739289 0.004971 0.005973
4 0.413099 0.760449 0.004977 0.007103
5 0.560025 0.567352 0.005010 0.006002
4 0.569246 0.597980 0.005230 0.007280
5 0.397447 0.567435 0.005030 0.005937
5 0.640855 0.739289 0.004815 0.006084
25 0.363956 0.201612 0.007252 0.004669
25 0.374971 0.211166 0.003467 0.010154
25 0.582456 0.211120 0.003491 0.010166
25 0.593431 0.201710 0.007142 0.004817
24 0.348905 0.724363 0.005102 0.006819
24 0.362440 0.724374 0.005103 0.006965
24 0.594997 0.724407 0.005159 0.006917
24 0.608486 0.724411 0.005194 0.006881
33 0.232698 0.047389 0.009914 0.013895
33 0.327851 0.222748 0.005130 0.007248
33 0.355701 0.176430 0.005092 0.007218
33 0.385871 0.222763 0.005176 0.007145
33 0.571624 0.222720 0.005187 0.007142
33 0.601798 0.176454 0.005119 0.007213
33 0.629599 0.222710 0.005112 0.007172
33 0.232634 0.389592 0.009884 0.014094
33 0.232647 0.487244 0.009765 0.013910
33 0.232660 0.925749 0.009844 0.013872
33 0.327877 0.698060 0.005083 0.007322
33 0.385881 0.698043 0.005198 0.007227
33 0.571614 0.698092 0.005054 0.007249
33 0.629581 0.698046 0.005072 0.007204
33 0.351218 0.593456 0.005030 0.007150
33 0.355664 0.551192 0.005180 0.007150
33 0.601773 0.551263 0.005067 0.007194
33 0.606258 0.593448 0.005067 0.007365