4 0.255144 0.334123 0.005088 0.007314
4 0.294185 0.322830 0.005225 0.007315
4 0.336775 0.321966 0.005077 0.007279
4 0.374636 0.321994 0.005130 0.007357
4 0.417207 0.322830 0.005156 0.007121
4 0.456258 0.334160 0.005128 0.007190
4 0.501180 0.334106 0.005094 0.007158
4 0.540226 0.322834 0.005042 0.007079
4 0.582850 0.321987 0.005146 0.007127
4 0.620727 0.321969 0.005086 0.007294
4 0.663293 0.322809 0.005098 0.007162
4 0.702372 0.334170 0.005043 0.007266
4 0.246541 0.814767 0.005128 0.007190
4 0.285927 0.817717 0.005154 0.007142
4 0.337936 0.819456 0.005077 0.007237
4 0.373418 0.819470 0.005115 0.007315
4 0.402589 0.829463 0.005034 0.007250
4 0.423890 0.829471 0.005142 0.007033
4 0.456552 0.843628 0.005250 0.007172
4 0.533603 0.829494 0.005066 0.007226
4 0.554889 0.829499 0.005148 0.007212
4 0.584050 0.819528 0.005083 0.007368
4 0.619540 0.819458 0.005064 0.007192
4 0.650580 0.829440 0.005001 0.007272
4 0.710968 0.814848 0.005130 0.007113
4 0.702627 0.843667 0.005145 0.007229
4 0.254819 0.843704 0.005026 0.007341
4 0.306863 0.829520 0.005126 0.007314
4 0.450943 0.708683 0.005119 0.007233
4 0.506566 0.708647 0.005198 0.007138
4 0.500970 0.843691 0.005203 0.007235
4 0.492606 0.814787 0.005149 0.007227
4 0.464782 0.814939 0.005064 0.007268
4 0.671604 0.817877 0.005173 0.007171