5 0.344045 0.228952 0.004903 0.006058
5 0.291812 0.239406 0.004992 0.006085
5 0.507389 0.231099 0.004884 0.005899
5 0.613408 0.228961 0.004915 0.005989
5 0.665637 0.239473 0.004970 0.006135
5 0.344064 0.723763 0.004935 0.005970
5 0.613431 0.723791 0.004865 0.006053
33 0.232641 0.064743 0.009882 0.013796
33 0.232664 0.472692 0.009797 0.013811
33 0.601780 0.207634 0.005149 0.007249
33 0.232624 0.559592 0.009726 0.013805
33 0.232624 0.902870 0.009903 0.013867
33 0.355636 0.702531 0.005162 0.007231
33 0.417225 0.701654 0.005066 0.007157
33 0.540266 0.701665 0.005119 0.007212
33 0.601787 0.702503 0.005134 0.007207