6 0.298958 0.719659 0.004996 0.005997
6 0.658444 0.719619 0.004892 0.005861
6 0.661581 0.220286 0.004914 0.006010
5 0.587861 0.268198 0.004807 0.006041
6 0.503620 0.234024 0.004969 0.005765
5 0.369591 0.268248 0.004955 0.005939
6 0.295879 0.220341 0.004914 0.005763
5 0.291754 0.244164 0.004826 0.006064
5 0.665652 0.244140 0.004911 0.006148
33 0.232736 0.067651 0.009716 0.013805
33 0.232660 0.475693 0.009834 0.013842
33 0.232585 0.553197 0.009834 0.013842
33 0.232678 0.896521 0.009871 0.013895