1 0.538160 0.221883 0.003603 0.005088
1 0.537334 0.244733 0.003603 0.005135
1 0.502116 0.222196 0.003648 0.005099
1 0.433440 0.222199 0.003635 0.005132
1 0.405378 0.199582 0.003595 0.005142
1 0.402885 0.163482 0.003643 0.005144
1 0.384420 0.171184 0.003616 0.005203
1 0.521916 0.312829 0.003497 0.005314
1 0.430931 0.718495 0.003726 0.005084
1 0.412147 0.726828 0.003663 0.005217
1 0.433453 0.755701 0.003726 0.005207
1 0.124614 0.675673 0.003576 0.005089
1 0.170769 0.675692 0.003690 0.005242
1 0.135321 0.738629 0.003624 0.005117
1 0.160078 0.738632 0.003656 0.005162
1 0.146898 0.756907 0.003583 0.005176
33 0.122996 0.036422 0.006932 0.009935
33 0.122994 0.955745 0.007033 0.010199
33 0.222120 0.606929 0.003680 0.005157
32 0.663890 0.068563 0.005066 0.003445