1 0.552875 0.260173 0.003571 0.004947
1 0.537378 0.798447 0.003640 0.005183
20 0.212294 0.125400 0.006349 0.004939
20 0.212274 0.150640 0.006320 0.004918
20 0.235846 0.150616 0.006258 0.004997
20 0.235892 0.125423 0.006356 0.004808
20 0.259469 0.125350 0.006215 0.004808
20 0.259500 0.150579 0.006309 0.004909
20 0.212309 0.175874 0.006367 0.004815
20 0.235866 0.175850 0.006346 0.004890
20 0.259508 0.175864 0.006298 0.004881
20 0.286489 0.125391 0.006350 0.004935
20 0.286485 0.150615 0.006360 0.004857
20 0.286509 0.175852 0.006337 0.004942
20 0.310071 0.175908 0.006261 0.004845
20 0.310078 0.150612 0.006342 0.004883
20 0.310060 0.125411 0.006343 0.005000
20 0.333627 0.125340 0.006308 0.004899
20 0.333638 0.150570 0.006416 0.004777
20 0.333679 0.175880 0.006360 0.004904
20 0.434481 0.164799 0.006270 0.004967
20 0.434477 0.129899 0.006272 0.004889
20 0.495649 0.263886 0.003524 0.008870
20 0.495611 0.305882 0.003456 0.009047
20 0.471330 0.313001 0.006201 0.004857
20 0.471352 0.292313 0.006294 0.004836
20 0.471345 0.271599 0.006282 0.004937
20 0.471342 0.250858 0.006278 0.004873
20 0.452504 0.250882 0.006340 0.004789
20 0.433651 0.250851 0.006323 0.004850
20 0.433650 0.271594 0.006310 0.004959
20 0.452524 0.271585 0.006346 0.004790
20 0.452511 0.292296 0.006336 0.004831
20 0.433656 0.292297 0.006399 0.004996
20 0.433633 0.312980 0.006354 0.004965
20 0.452476 0.313036 0.006331 0.004826
20 0.410011 0.255359 0.006326 0.004928
20 0.409965 0.282540 0.006301 0.004881
20 0.409981 0.309745 0.006242 0.004879
20 0.384706 0.309747 0.006307 0.004885
20 0.384687 0.282531 0.006361 0.004910
20 0.384697 0.255277 0.006332 0.004882
20 0.358891 0.255289 0.006320 0.004835
20 0.358885 0.282489 0.006316 0.004816
20 0.358890 0.309742 0.006326 0.004878
20 0.334587 0.309714 0.006302 0.004857
20 0.334630 0.282513 0.006371 0.004887
20 0.334578 0.255370 0.006303 0.005043
20 0.310311 0.255324 0.006222 0.004974
20 0.310311 0.282464 0.006237 0.004815
20 0.310307 0.309722 0.006251 0.004892
20 0.286041 0.309767 0.006369 0.004843
20 0.285997 0.282519 0.006249 0.004861
20 0.286047 0.255337 0.006256 0.004911
20 0.184114 0.300807 0.006315 0.004840
20 0.159835 0.300827 0.006241 0.004890
20 0.135565 0.300827 0.006270 0.004868
20 0.135522 0.255867 0.006293 0.004855
20 0.159843 0.255882 0.006278 0.004735
20 0.184152 0.255912 0.006283 0.004857
20 0.185605 0.680945 0.006292 0.004865
20 0.205311 0.680966 0.006225 0.004932
20 0.205308 0.698143 0.006337 0.004913
20 0.185649 0.698106 0.006298 0.004860
20 0.185599 0.715328 0.006322 0.004828
20 0.205302 0.715332 0.006314 0.004972
20 0.185614 0.732451 0.006273 0.004893
20 0.205319 0.732464 0.006299 0.004839
20 0.459843 0.685679 0.006377 0.004841
20 0.459874 0.726540 0.006356 0.004901
20 0.479089 0.726503 0.006253 0.004798
20 0.479100 0.685693 0.006342 0.004802
20 0.529583 0.726525 0.006290 0.004783
20 0.547611 0.726568 0.006309 0.004909
20 0.529601 0.685717 0.006331 0.004914
20 0.547608 0.685706 0.006387 0.004860
35 0.382739 0.132808 0.003610 0.005112
35 0.382746 0.173096 0.003609 0.005064
35 0.536149 0.211524 0.003605 0.005060
35 0.500284 0.211496 0.003566 0.005085
35 0.464419 0.211528 0.003586 0.005032
35 0.428458 0.211539 0.003595 0.005102
35 0.392612 0.211513 0.003624 0.005030
35 0.356666 0.211509 0.003626 0.005090
35 0.320795 0.211525 0.003604 0.005137
35 0.284948 0.211481 0.003663 0.005124
35 0.248995 0.211516 0.003563 0.005061
35 0.213155 0.211513 0.003595 0.005076
35 0.177279 0.211514 0.003665 0.005142
35 0.141307 0.211530 0.003618 0.005109
35 0.209493 0.245430 0.003680 0.005077
35 0.230853 0.245510 0.003709 0.005157
35 0.252272 0.245485 0.003632 0.005102
35 0.252226 0.276599 0.003672 0.005156
35 0.230842 0.276588 0.003598 0.005081
35 0.209496 0.276614 0.003582 0.005114
35 0.209502 0.307778 0.003639 0.005075
35 0.230872 0.307777 0.003629 0.005072
35 0.252244 0.307782 0.003641 0.005113
33 0.123021 0.036418 0.006879 0.009834
33 0.123122 0.955809 0.007096 0.009770
35 0.226403 0.680112 0.003631 0.005182
35 0.245504 0.680124 0.003548 0.005051
35 0.264633 0.680084 0.003634 0.005131
35 0.226386 0.710223 0.003590 0.005070
35 0.245606 0.710282 0.003759 0.005070
35 0.264686 0.710206 0.003625 0.005119
35 0.226338 0.736326 0.003633 0.005227
35 0.245584 0.736285 0.003639 0.005081
35 0.264660 0.736273 0.003644 0.005087
35 0.141347 0.767619 0.003732 0.005090
35 0.177243 0.767630 0.003581 0.005057
35 0.213162 0.767640 0.003613 0.005147
35 0.249017 0.767633 0.003648 0.005046
35 0.284925 0.767655 0.003612 0.005055
35 0.320801 0.767682 0.003646 0.005079
35 0.356688 0.767655 0.003612 0.005055
35 0.392630 0.767665 0.003741 0.005194
35 0.428464 0.767658 0.003611 0.005098
35 0.464365 0.767676 0.003616 0.005107
35 0.500272 0.767643 0.003673 0.005054
35 0.536163 0.767666 0.003648 0.005176
35 0.410369 0.733065 0.003643 0.005100
35 0.410356 0.698377 0.003627 0.005021