1 0.135406 0.120971 0.003574 0.005100
1 0.160076 0.121057 0.003633 0.005130
1 0.135384 0.182474 0.003603 0.005145
1 0.160092 0.182474 0.003644 0.005145
1 0.480860 0.307345 0.003562 0.005145
1 0.537428 0.312829 0.003629 0.005295
1 0.537307 0.244849 0.003387 0.005124
1 0.537357 0.869670 0.003604 0.005090
1 0.537341 0.801523 0.003548 0.005058
1 0.135383 0.738614 0.003604 0.005167
1 0.160070 0.738575 0.003644 0.005010
1 0.135369 0.676878 0.003622 0.005233
1 0.160088 0.676806 0.003594 0.005191