1 0.135340 0.738454 0.003454 0.004877
1 0.160055 0.738654 0.003624 0.005117
1 0.135412 0.676862 0.003732 0.005097
1 0.160035 0.676862 0.003548 0.005097
1 0.537378 0.801600 0.003640 0.005183
1 0.537373 0.869721 0.003685 0.005038
1 0.135368 0.121072 0.003510 0.005037
1 0.160055 0.121032 0.003624 0.005277
1 0.135397 0.182394 0.003567 0.004877
1 0.160055 0.182514 0.003624 0.005117
1 0.537353 0.244720 0.003679 0.005360
1 0.537448 0.312828 0.003571 0.005042
1 0.480841 0.307403 0.003675 0.005130
20 0.369196 0.865849 0.006349 0.004747
20 0.389860 0.865899 0.006271 0.005074
20 0.410531 0.865862 0.006300 0.004908
20 0.389842 0.838611 0.006326 0.004858
20 0.369190 0.838652 0.006380 0.004902
20 0.410516 0.838637 0.006206 0.004778
20 0.369197 0.811450 0.006417 0.004970
20 0.389870 0.811427 0.006331 0.004905
20 0.410520 0.811470 0.006243 0.004827
20 0.218365 0.811460 0.006300 0.004877
20 0.239024 0.811445 0.006387 0.004847
20 0.259738 0.811368 0.006397 0.004961
20 0.259697 0.838650 0.006249 0.004927
20 0.239022 0.838629 0.006353 0.004922
20 0.218383 0.838658 0.006437 0.004914
20 0.218379 0.865886 0.006334 0.004763
20 0.239024 0.865817 0.006277 0.004819
20 0.259769 0.865864 0.006380 0.004808
20 0.218380 0.255308 0.006394 0.004974
20 0.218340 0.282623 0.006305 0.004841
20 0.239038 0.282573 0.006366 0.004809
20 0.259675 0.282543 0.006283 0.004693
20 0.259760 0.309805 0.006449 0.004882
20 0.239022 0.309799 0.006343 0.004785
20 0.218370 0.309786 0.006316 0.004843
20 0.239003 0.255339 0.006415 0.004932
20 0.259683 0.255314 0.006282 0.004870
20 0.440656 0.243528 0.006369 0.004914
20 0.440694 0.270693 0.006284 0.004856
20 0.476057 0.270711 0.006285 0.004887
20 0.476086 0.243527 0.006387 0.004899
20 0.432731 0.413573 0.003414 0.008898
20 0.456508 0.413523 0.003496 0.008885
20 0.480218 0.413571 0.003443 0.008961
20 0.435539 0.369471 0.003471 0.008750
20 0.458164 0.369480 0.003531 0.008816
20 0.480751 0.369512 0.003417 0.008948
20 0.432754 0.510576 0.003394 0.008910
20 0.456487 0.510577 0.003418 0.008908
20 0.480249 0.510613 0.003415 0.008949
20 0.369175 0.282621 0.006320 0.004893
20 0.389877 0.282585 0.006326 0.004857
20 0.410556 0.282570 0.006318 0.004934
20 0.287465 0.678950 0.006328 0.004675
20 0.287423 0.706119 0.006234 0.004851
20 0.287427 0.733368 0.006331 0.004895
20 0.528359 0.724788 0.003442 0.008936
20 0.547599 0.724801 0.003472 0.008967
20 0.528358 0.685134 0.003440 0.008857
20 0.547636 0.685114 0.003454 0.008875
20 0.293794 0.865815 0.006352 0.004876
20 0.314443 0.865830 0.006343 0.004946
20 0.335216 0.865815 0.006473 0.004834
20 0.335111 0.838628 0.006282 0.004921
20 0.293796 0.838614 0.006379 0.004857
20 0.314426 0.838635 0.006310 0.004811
20 0.142951 0.811430 0.006352 0.004953
20 0.163600 0.811446 0.006412 0.004892
20 0.184319 0.811422 0.006263 0.004890
20 0.184310 0.838615 0.006278 0.004845
20 0.163588 0.838649 0.006301 0.004826
20 0.142949 0.838642 0.006377 0.004842
20 0.460697 0.727415 0.003497 0.009040
20 0.460697 0.684846 0.003445 0.008859
20 0.481651 0.684861 0.003482 0.008795
20 0.481610 0.727389 0.003384 0.008934
20 0.432751 0.649408 0.003410 0.008925
20 0.456496 0.649429 0.003471 0.008904
20 0.480237 0.649418 0.003481 0.008905
20 0.142932 0.255318 0.006302 0.004898
20 0.142942 0.282609 0.006332 0.004800
20 0.142966 0.309780 0.006312 0.004894
20 0.163624 0.309790 0.006352 0.004874
20 0.163611 0.282529 0.006322 0.004755
20 0.184298 0.282577 0.006259 0.004869
20 0.184378 0.309840 0.006359 0.004880
20 0.163597 0.255391 0.006355 0.004863
20 0.184315 0.255314 0.006328 0.004903