1 0.135355 0.676826 0.003629 0.005173
1 0.160100 0.676850 0.003767 0.005124
1 0.135355 0.738560 0.003698 0.004978
1 0.160083 0.738584 0.003663 0.005027
1 0.537356 0.801627 0.003607 0.005142
1 0.537375 0.312868 0.003622 0.005025
1 0.537338 0.244740 0.003642 0.005142
1 0.135380 0.182534 0.003717 0.005070
1 0.160069 0.182564 0.003675 0.005130
20 0.191479 0.678025 0.006247 0.004877
20 0.220397 0.677955 0.006273 0.004873
20 0.250162 0.677954 0.006415 0.004828
20 0.250146 0.703156 0.006294 0.004880
20 0.220389 0.703134 0.006319 0.004838
20 0.191499 0.703160 0.006352 0.004876
20 0.191488 0.728376 0.006304 0.004835
20 0.220386 0.728364 0.006327 0.004835
20 0.250137 0.728419 0.006304 0.004873
20 0.142970 0.811409 0.006340 0.004821
20 0.163599 0.811454 0.006346 0.004888
20 0.184259 0.811461 0.006294 0.004834
20 0.142958 0.838578 0.006325 0.004636
20 0.163613 0.838678 0.006373 0.004894
20 0.184288 0.838609 0.006216 0.004790
20 0.184328 0.865833 0.006336 0.004843
20 0.163599 0.865835 0.006309 0.004809
20 0.142956 0.865827 0.006345 0.004794
20 0.368771 0.811459 0.006323 0.004915
20 0.389484 0.811420 0.006300 0.004875
20 0.410124 0.811489 0.006374 0.004981
20 0.410175 0.838637 0.006405 0.004904
20 0.389449 0.838648 0.006286 0.004863
20 0.368750 0.838644 0.006292 0.004810
20 0.368755 0.865829 0.006329 0.004920
20 0.389439 0.865842 0.006224 0.004825
20 0.410131 0.865849 0.006294 0.004833
20 0.293401 0.255276 0.006354 0.004865
20 0.314003 0.255301 0.006243 0.004943
20 0.334744 0.255305 0.006358 0.004905
20 0.293339 0.282534 0.006369 0.004753
20 0.314040 0.282592 0.006263 0.004835
20 0.334722 0.282620 0.006272 0.004712
20 0.293355 0.309766 0.006331 0.004909
20 0.314039 0.309777 0.006268 0.004867
20 0.334710 0.309772 0.006316 0.004922
20 0.142938 0.255329 0.006364 0.004993
20 0.163585 0.255374 0.006302 0.004861
20 0.184288 0.255319 0.006254 0.004854
20 0.184282 0.282555 0.006279 0.004833
20 0.163600 0.282587 0.006343 0.004862
20 0.142958 0.282593 0.006308 0.004874
20 0.142949 0.309812 0.006334 0.004843
20 0.163601 0.309787 0.006335 0.004916
20 0.184349 0.309744 0.006367 0.004800
20 0.431956 0.459708 0.003480 0.008961
20 0.454201 0.459694 0.003405 0.008880
20 0.431958 0.494639 0.003481 0.008869
20 0.454211 0.494675 0.003426 0.008885
20 0.454234 0.529533 0.003490 0.008947
20 0.431962 0.529529 0.003492 0.008981
20 0.514054 0.382522 0.003435 0.008893
20 0.497740 0.382515 0.003452 0.009025
20 0.497727 0.419487 0.003421 0.008969
20 0.514069 0.419531 0.003486 0.008975
20 0.497731 0.458163 0.003507 0.008884
20 0.514077 0.458205 0.003439 0.008918
20 0.443789 0.865873 0.006317 0.004928
20 0.464470 0.865901 0.006279 0.004903
20 0.485124 0.865872 0.006331 0.004865
20 0.505801 0.865875 0.006347 0.004905
20 0.505783 0.838636 0.006367 0.004955
20 0.485117 0.838693 0.006309 0.004788
20 0.464436 0.838650 0.006308 0.004898
20 0.443763 0.838628 0.006362 0.004726
20 0.443776 0.811444 0.006432 0.004844
20 0.464454 0.811450 0.006267 0.004776
20 0.485112 0.811472 0.006336 0.004867
20 0.505792 0.811466 0.006403 0.004916
20 0.528351 0.724760 0.003480 0.008961
20 0.547608 0.724740 0.003509 0.008837
20 0.528315 0.685124 0.003461 0.008811
20 0.547620 0.685115 0.003441 0.008779
24 0.124756 0.121029 0.003445 0.005117
24 0.170649 0.121035 0.003436 0.005046
24 0.521931 0.869705 0.003595 0.005002
35 0.141333 0.211511 0.003651 0.005046
35 0.177258 0.211509 0.003637 0.005060
35 0.213128 0.211516 0.003612 0.005033
35 0.249045 0.211507 0.003630 0.005125
35 0.284949 0.211495 0.003661 0.005059
35 0.320835 0.211546 0.003693 0.005123
35 0.356691 0.211538 0.003713 0.005069
35 0.392603 0.211481 0.003594 0.005027
35 0.428470 0.211487 0.003671 0.005019
35 0.464411 0.211533 0.003605 0.005090
35 0.500283 0.211489 0.003607 0.005010
35 0.536152 0.211474 0.003594 0.005054
35 0.505468 0.255834 0.003645 0.005026
35 0.505493 0.303857 0.003630 0.005101
35 0.505485 0.351778 0.003600 0.005066
35 0.477453 0.359733 0.003563 0.005092
35 0.477427 0.411649 0.003627 0.005122
35 0.477404 0.463650 0.003625 0.005099
35 0.477456 0.515557 0.003647 0.005066
35 0.477446 0.567532 0.003598 0.005054
35 0.477461 0.619441 0.003610 0.005097
35 0.506073 0.641237 0.003607 0.005073
35 0.477442 0.671385 0.003578 0.005027
35 0.472369 0.704213 0.003593 0.004965
35 0.472387 0.736678 0.003597 0.004987
35 0.410390 0.698437 0.003671 0.005092
35 0.410376 0.733057 0.003613 0.005033
35 0.536147 0.767606 0.003625 0.005047
35 0.500271 0.767638 0.003611 0.005058
35 0.464404 0.767636 0.003581 0.005033
35 0.428465 0.767647 0.003610 0.005076
35 0.392611 0.767640 0.003597 0.004965
35 0.356680 0.767674 0.003637 0.005136
35 0.320822 0.767674 0.003650 0.005068
35 0.284918 0.767632 0.003607 0.005094
35 0.248992 0.767672 0.003626 0.005082
35 0.213130 0.767667 0.003636 0.005067
35 0.177261 0.767628 0.003633 0.005107
35 0.141304 0.767624 0.003631 0.005101
35 0.382749 0.142275 0.003630 0.005076
35 0.382741 0.176957 0.003577 0.005101
33 0.122987 0.036403 0.006968 0.009795
33 0.122995 0.955789 0.007146 0.009731