17 0.118970 0.071113 0.004066 0.002322
17 0.161873 0.071089 0.004002 0.002294
17 0.184757 0.086921 0.004082 0.002312
17 0.184741 0.110492 0.004102 0.002296
17 0.184728 0.144669 0.004089 0.002314
17 0.161928 0.160495 0.004194 0.002307
17 0.116314 0.160500 0.004090 0.002289
17 0.238518 0.146462 0.004105 0.002314
17 0.238517 0.115826 0.004176 0.002325
17 0.238551 0.084603 0.004091 0.002325
17 0.324972 0.075578 0.004105 0.002347
17 0.324967 0.115156 0.004164 0.002356
17 0.411408 0.115154 0.004170 0.002314
17 0.411486 0.075581 0.004045 0.002290
17 0.497956 0.075567 0.004088 0.002312
17 0.563743 0.075519 0.004102 0.002217
17 0.661692 0.060593 0.004125 0.002284
17 0.661698 0.088837 0.004108 0.002338
17 0.612338 0.096259 0.004083 0.002342
17 0.563704 0.115148 0.004116 0.002342
17 0.497903 0.115145 0.004085 0.002309
17 0.411478 0.155744 0.004029 0.002354
17 0.324996 0.155732 0.004106 0.002299
17 0.563770 0.155724 0.004071 0.002279
17 0.612349 0.141601 0.004091 0.002341
17 0.661695 0.139559 0.004133 0.002348
17 0.661672 0.318698 0.004091 0.002299
17 0.661676 0.346943 0.004138 0.002288
17 0.606516 0.330869 0.004131 0.002285
17 0.606475 0.377768 0.004175 0.002307
17 0.606522 0.412511 0.004112 0.002291
17 0.661663 0.428446 0.004136 0.002360
17 0.116320 0.418632 0.004084 0.002345
17 0.161954 0.418628 0.004152 0.002376
17 0.118970 0.329219 0.004075 0.002312
17 0.161951 0.329228 0.004162 0.002319
17 0.661645 0.397639 0.004059 0.002260
17 0.661642 0.576824 0.004171 0.002293
17 0.612010 0.606901 0.004171 0.002325
17 0.661646 0.605024 0.004152 0.002310
17 0.562964 0.591314 0.004130 0.002319
17 0.497940 0.591324 0.004040 0.002366
17 0.411478 0.591293 0.004207 0.002314
17 0.325010 0.591275 0.004223 0.002270
17 0.238586 0.591295 0.004192 0.002298
17 0.161951 0.587297 0.004197 0.002264
17 0.119035 0.587346 0.003948 0.002359
17 0.238538 0.631252 0.004100 0.002305
17 0.324987 0.631232 0.004109 0.002264
17 0.116384 0.676725 0.004137 0.002311
17 0.161980 0.676733 0.004074 0.002363
17 0.238548 0.673764 0.004023 0.002293
17 0.325024 0.673765 0.004041 0.002315
17 0.411463 0.673783 0.004043 0.002382
17 0.411489 0.631242 0.004040 0.002335
17 0.497958 0.631245 0.004122 0.002328
17 0.562959 0.631214 0.004131 0.002258
17 0.612013 0.631192 0.004109 0.002291
17 0.612004 0.658848 0.004066 0.002317
17 0.562994 0.673755 0.004020 0.002317
17 0.497929 0.673757 0.004008 0.002256
17 0.661668 0.686556 0.004266 0.002328
17 0.661683 0.655805 0.004057 0.002348
17 0.562989 0.849409 0.004066 0.002223
17 0.497945 0.849413 0.004087 0.002345
17 0.411457 0.849409 0.003976 0.002339
17 0.325024 0.849435 0.004117 0.002357
17 0.238541 0.849420 0.004138 0.002344
17 0.180581 0.834833 0.004137 0.002333
17 0.180550 0.945361 0.004140 0.002295
17 0.122457 0.889344 0.004041 0.002331
17 0.661665 0.913864 0.004156 0.002293
17 0.661666 0.863169 0.004194 0.002343
17 0.661645 0.170327 0.004120 0.002329
17 0.497914 0.155742 0.004138 0.002344
17 0.169324 0.889336 0.004158 0.002313
17 0.238595 0.889356 0.004081 0.002297
17 0.238565 0.931853 0.004125 0.002289
17 0.562964 0.931830 0.004153 0.002325
17 0.612026 0.889338 0.004177 0.002359
17 0.563002 0.889321 0.004145 0.002296
17 0.497934 0.889362 0.004230 0.002331
17 0.411464 0.889344 0.004156 0.002281
17 0.325006 0.931838 0.004324 0.002312
17 0.325026 0.889311 0.004131 0.002269
17 0.411478 0.931874 0.004187 0.002228
17 0.498018 0.931805 0.004182 0.002317