15 0.123722 0.086172 0.003478 0.005376
15 0.155435 0.086159 0.003495 0.005346
15 0.123751 0.101905 0.003445 0.005354
15 0.155453 0.101901 0.003474 0.005370
15 0.123780 0.115691 0.003539 0.005346
15 0.155424 0.115681 0.003431 0.005350
15 0.123771 0.128454 0.003501 0.005343
15 0.155464 0.128453 0.003479 0.005401
16 0.211957 0.063812 0.002933 0.001596
16 0.239498 0.063793 0.002893 0.001604
16 0.267044 0.063798 0.002865 0.001632
15 0.608163 0.112740 0.009529 0.001979
15 0.651898 0.112736 0.009504 0.002002
15 0.651883 0.127798 0.009567 0.002010
15 0.608095 0.127746 0.009576 0.001979
15 0.598571 0.155488 0.009451 0.001953
15 0.623066 0.155506 0.009541 0.002006
15 0.598572 0.168941 0.009479 0.001956
15 0.623009 0.168969 0.009518 0.001969
15 0.598789 0.321226 0.009534 0.001935
15 0.623756 0.321234 0.009500 0.001979
15 0.598729 0.337092 0.009587 0.001963
15 0.623721 0.337104 0.009421 0.001975
15 0.600971 0.367891 0.009617 0.001944
15 0.630456 0.367886 0.009515 0.001980
15 0.659922 0.367905 0.009544 0.001940
15 0.659920 0.385657 0.009578 0.002029
15 0.630445 0.385639 0.009592 0.001982
15 0.600993 0.385654 0.009509 0.001927
15 0.596899 0.403790 0.009557 0.001955
15 0.618018 0.403779 0.009595 0.001903
15 0.596868 0.423418 0.009598 0.001932
15 0.617992 0.423411 0.009642 0.001921
15 0.606018 0.617709 0.009604 0.002007
15 0.562772 0.617731 0.009505 0.002015
15 0.519542 0.617661 0.009572 0.001956
15 0.519496 0.604266 0.009557 0.002018
15 0.519523 0.591318 0.009510 0.001942
15 0.562810 0.591315 0.009529 0.001966
15 0.562729 0.578428 0.009550 0.001963
15 0.519511 0.578414 0.009501 0.001960
15 0.476336 0.578411 0.009694 0.001951
15 0.433091 0.578427 0.009560 0.001955
15 0.389827 0.578430 0.009532 0.001968
15 0.346610 0.578423 0.009521 0.001995
15 0.303404 0.578425 0.009666 0.001955
15 0.260171 0.578414 0.009495 0.001923
15 0.216938 0.578411 0.009567 0.001931
15 0.216908 0.591350 0.009528 0.001919
15 0.260198 0.591301 0.009517 0.001913
15 0.303398 0.591364 0.009773 0.002018
15 0.303398 0.604245 0.009634 0.002018
15 0.346679 0.591352 0.009657 0.001870
15 0.346677 0.604278 0.009577 0.001947
15 0.389956 0.591352 0.009657 0.001870
15 0.389920 0.604297 0.009730 0.002073
15 0.433112 0.591307 0.009696 0.001993
15 0.433120 0.604242 0.009611 0.001931
15 0.476316 0.604241 0.009636 0.001980
15 0.476345 0.591315 0.009602 0.001916
15 0.476302 0.617680 0.009540 0.001970
15 0.433076 0.617687 0.009514 0.001988
15 0.389867 0.617671 0.009536 0.002008
15 0.346610 0.617660 0.009550 0.001945
15 0.303404 0.617661 0.009561 0.001953
15 0.260145 0.617670 0.009484 0.001932
15 0.260205 0.604219 0.009572 0.001961
15 0.216919 0.604209 0.009511 0.001897
15 0.216988 0.617664 0.009529 0.001949
15 0.216934 0.631678 0.009477 0.001927
15 0.260214 0.631655 0.009602 0.001987
15 0.303416 0.631670 0.009720 0.001972
15 0.346624 0.631626 0.009509 0.001887
15 0.346608 0.645659 0.009429 0.001919
15 0.303373 0.645639 0.009557 0.001943
15 0.260190 0.645636 0.009557 0.001916
15 0.216930 0.645623 0.009528 0.001931
15 0.216924 0.659069 0.009605 0.001962
15 0.260164 0.659091 0.009476 0.002015
15 0.303372 0.659063 0.009550 0.001962
15 0.346596 0.659074 0.009492 0.001967
15 0.389871 0.659056 0.009562 0.001921
15 0.433069 0.659063 0.009568 0.001953
15 0.433081 0.645642 0.009610 0.002007
15 0.433095 0.631676 0.009556 0.001967
15 0.476315 0.631599 0.009732 0.001983
15 0.519482 0.631687 0.009598 0.002008
15 0.562809 0.631645 0.009521 0.001949
15 0.606036 0.631646 0.009484 0.001970
15 0.605997 0.645645 0.009441 0.001989
15 0.562754 0.645636 0.009518 0.001998
15 0.519487 0.645651 0.009546 0.001973
15 0.562737 0.604220 0.009541 0.001951
15 0.389839 0.631671 0.009689 0.002027
15 0.389869 0.645640 0.009512 0.001934
15 0.476311 0.645657 0.009626 0.002009
15 0.622802 0.685152 0.009601 0.001897
15 0.597816 0.685152 0.009451 0.001958
15 0.597862 0.671711 0.009556 0.001944
15 0.622813 0.671710 0.009578 0.001922
15 0.653212 0.645636 0.009552 0.001917
15 0.653173 0.631636 0.009545 0.001995
15 0.562790 0.659054 0.009527 0.001906
15 0.562811 0.671972 0.009571 0.001925
15 0.562809 0.684912 0.009568 0.001958
15 0.519496 0.684891 0.009526 0.002013
15 0.519534 0.671972 0.009585 0.001974
15 0.519544 0.659069 0.009519 0.001974
15 0.476305 0.659083 0.009685 0.001966
15 0.476282 0.671997 0.009699 0.002004
15 0.476297 0.684881 0.009572 0.001964
15 0.433078 0.684911 0.009579 0.001984
15 0.433070 0.671970 0.009579 0.001984
15 0.389837 0.672001 0.009460 0.001965
15 0.389838 0.684889 0.009549 0.001947
15 0.346602 0.684889 0.009599 0.001981
15 0.346633 0.671970 0.009542 0.001942
15 0.303404 0.671966 0.009506 0.001922
15 0.303369 0.684905 0.009643 0.001996
15 0.260183 0.684887 0.009556 0.001960
15 0.260173 0.671975 0.009479 0.001959
15 0.216937 0.671966 0.009610 0.001979
15 0.216945 0.684894 0.009505 0.001963
15 0.123100 0.860461 0.003431 0.005370
15 0.151586 0.860470 0.003490 0.005368
15 0.180107 0.860449 0.003450 0.005380
15 0.173767 0.875790 0.009536 0.001996
15 0.173752 0.889780 0.009544 0.002019
15 0.216899 0.836518 0.009470 0.001959
15 0.260208 0.836513 0.009536 0.001931
15 0.303387 0.836538 0.009653 0.002020
15 0.346630 0.836526 0.009479 0.001944
15 0.389874 0.836536 0.009486 0.001975
15 0.433108 0.836526 0.009561 0.001945
15 0.476324 0.836530 0.009636 0.001993
15 0.519535 0.836537 0.009529 0.001933
15 0.562789 0.836527 0.009625 0.001917
15 0.562761 0.849437 0.009572 0.001944
15 0.519530 0.849425 0.009601 0.001984
15 0.476338 0.849433 0.009598 0.001983
15 0.433098 0.849448 0.009510 0.001942
15 0.389893 0.849434 0.009549 0.001985
15 0.346609 0.849428 0.009578 0.001954
15 0.303387 0.849433 0.009533 0.001977
15 0.260191 0.849444 0.009551 0.001981
15 0.216891 0.849444 0.009521 0.001965
15 0.216909 0.862330 0.009569 0.001942
15 0.260177 0.862343 0.009561 0.001966
15 0.303378 0.862326 0.009657 0.001935
15 0.346601 0.862354 0.009561 0.001965
15 0.389839 0.862355 0.009529 0.001934
15 0.433081 0.862334 0.009528 0.001919
15 0.476310 0.862358 0.009646 0.001931
15 0.519553 0.862345 0.009590 0.001933
15 0.562784 0.862329 0.009541 0.001940
15 0.562744 0.875796 0.009621 0.001870
15 0.519576 0.875754 0.009600 0.001899
15 0.476302 0.875795 0.009659 0.001925
15 0.433140 0.875797 0.009606 0.001932
15 0.389817 0.875791 0.009549 0.001963
15 0.346627 0.875785 0.009574 0.001924
15 0.303450 0.875773 0.009618 0.001952
15 0.260180 0.875797 0.009529 0.001974
15 0.216933 0.875799 0.009598 0.001946
15 0.216924 0.889773 0.009495 0.001991
15 0.260172 0.889755 0.009534 0.001984
15 0.303358 0.889760 0.009579 0.001924
15 0.346597 0.889771 0.009640 0.001982
15 0.389913 0.889766 0.009670 0.001874
15 0.433083 0.889766 0.009477 0.001945
15 0.476338 0.889746 0.009526 0.002013
15 0.519496 0.889759 0.009574 0.001904
15 0.562799 0.889752 0.009574 0.001945
15 0.605993 0.889786 0.009501 0.001986
15 0.606005 0.903770 0.009623 0.001986
15 0.562787 0.903756 0.009647 0.001932
15 0.519544 0.903763 0.009526 0.002027
15 0.476277 0.903763 0.009599 0.001945
15 0.433107 0.903763 0.009526 0.001945
15 0.389877 0.903750 0.009574 0.001945
15 0.346586 0.903750 0.009647 0.001972
15 0.303367 0.903756 0.009623 0.001959
15 0.260185 0.903763 0.009526 0.001945
15 0.216943 0.903736 0.009599 0.001891
15 0.173712 0.903770 0.009696 0.001959
15 0.173748 0.917189 0.009574 0.001891
15 0.216930 0.917209 0.009574 0.002013
15 0.260173 0.917189 0.009550 0.001945
15 0.303416 0.917203 0.009623 0.001972
15 0.346610 0.917169 0.009647 0.001932
15 0.389865 0.917203 0.009647 0.001918
15 0.433144 0.917182 0.009599 0.001904
15 0.476302 0.917182 0.009696 0.001959
15 0.519532 0.917209 0.009501 0.001959
15 0.562763 0.917209 0.009550 0.001904
15 0.605993 0.917216 0.009501 0.001972
15 0.622797 0.929853 0.009526 0.001945
15 0.597865 0.929812 0.009574 0.002000
15 0.622785 0.943279 0.009550 0.001945
15 0.597865 0.943279 0.009574 0.002000
15 0.606049 0.875784 0.009556 0.001889
15 0.562761 0.942999 0.009505 0.001931
15 0.562738 0.930102 0.009550 0.001956
15 0.519540 0.930128 0.009466 0.001929
15 0.519500 0.943043 0.009624 0.002040
15 0.476359 0.930180 0.009781 0.002030
15 0.476332 0.943022 0.009836 0.002061
15 0.433120 0.943038 0.009512 0.001982
15 0.433143 0.930090 0.009646 0.001932
15 0.389838 0.942997 0.009827 0.001859
15 0.389905 0.930061 0.009556 0.001935
15 0.216951 0.930102 0.009616 0.001888
15 0.216879 0.943036 0.009616 0.001968
15 0.260167 0.943016 0.009508 0.001928
15 0.260239 0.930082 0.009651 0.001928
15 0.303365 0.930102 0.009580 0.001968
15 0.303401 0.943026 0.009580 0.001988
15 0.346600 0.942986 0.009651 0.001948
15 0.346618 0.930072 0.009616 0.001908
15 0.612815 0.349060 0.009605 0.001936
15 0.124935 0.602905 0.003722 0.005440
15 0.157138 0.602876 0.003515 0.005440
15 0.125012 0.618934 0.003463 0.005440
15 0.157189 0.618934 0.003412 0.005440
15 0.125012 0.632244 0.003463 0.005382
15 0.157138 0.632230 0.003515 0.005411
15 0.124961 0.645424 0.003670 0.005179
15 0.157163 0.645453 0.003567 0.005411
16 0.209560 0.167308 0.002819 0.001701
16 0.238096 0.167326 0.002894 0.001690
16 0.266602 0.167298 0.002850 0.001615