4 0.195881 0.627779 0.007227 0.005149
4 0.156603 0.651397 0.007242 0.005046
4 0.142382 0.615329 0.007239 0.005099
4 0.135702 0.701987 0.007285 0.005069
4 0.208453 0.686921 0.007221 0.005136
4 0.274455 0.717690 0.007122 0.005161
4 0.274476 0.694628 0.007230 0.005090
4 0.262163 0.659090 0.007221 0.005089
4 0.327966 0.694617 0.007223 0.005180
4 0.327961 0.717672 0.007243 0.005126
4 0.394032 0.686913 0.007173 0.005077
4 0.340242 0.659100 0.007214 0.005082
4 0.406524 0.627729 0.007219 0.005076
4 0.459992 0.615368 0.007259 0.005079
4 0.445794 0.651401 0.007192 0.005090
4 0.466684 0.701966 0.007169 0.005101
4 0.530254 0.701996 0.007282 0.005153
4 0.551134 0.651386 0.007175 0.005112
4 0.536943 0.615336 0.007226 0.005114
4 0.602918 0.686957 0.007172 0.005076
4 0.590388 0.627745 0.007237 0.005155
4 0.656653 0.659091 0.007158 0.005066
4 0.668962 0.694604 0.007315 0.005094
4 0.668981 0.717674 0.007151 0.005121
4 0.722470 0.717693 0.007119 0.005122
4 0.722466 0.694608 0.007146 0.005105
4 0.734826 0.659090 0.007131 0.005047
4 0.788484 0.686934 0.007133 0.005116
4 0.801010 0.627738 0.007131 0.005140
4 0.840316 0.651410 0.007165 0.005101
4 0.854548 0.615284 0.007250 0.005083
4 0.861162 0.701980 0.007246 0.005074
24 0.264035 0.209618 0.007107 0.005000
24 0.730367 0.209590 0.007038 0.004994