4 0.133043 0.222044 0.007222 0.005061
4 0.147221 0.258122 0.007224 0.005029
4 0.126394 0.308731 0.007197 0.005058
4 0.199085 0.293576 0.007142 0.005088
4 0.186540 0.234453 0.007158 0.005066
4 0.252766 0.265864 0.007138 0.005102
4 0.268468 0.234681 0.007292 0.005110
4 0.314429 0.228149 0.007153 0.005062
4 0.265088 0.313734 0.007175 0.005112
4 0.318573 0.313710 0.007162 0.005090
4 0.330908 0.265815 0.007271 0.005078
4 0.280993 0.173193 0.007223 0.005010
4 0.384570 0.293591 0.007233 0.005119
4 0.397172 0.234481 0.007150 0.005211
4 0.450696 0.222031 0.007131 0.005119
4 0.436486 0.258174 0.007233 0.005083
4 0.457315 0.308702 0.007242 0.005125
4 0.527577 0.222069 0.007244 0.005098
4 0.541747 0.258136 0.007297 0.005093
4 0.520850 0.308718 0.007045 0.005059
4 0.593532 0.293582 0.007062 0.005109
4 0.647322 0.265832 0.007115 0.005136
4 0.581040 0.234486 0.007216 0.005081
4 0.659639 0.313742 0.007203 0.005124
4 0.713080 0.313697 0.007126 0.005010
4 0.779170 0.293609 0.007233 0.005155
4 0.725453 0.265815 0.007169 0.005074
4 0.851866 0.308696 0.007131 0.005101
4 0.830978 0.258130 0.007175 0.005033
4 0.791690 0.234449 0.007182 0.005122
4 0.845156 0.222096 0.007207 0.005101
4 0.663805 0.228122 0.007179 0.005107
4 0.709788 0.234653 0.007137 0.005076
4 0.697217 0.173195 0.007109 0.005073
4 0.114400 0.650274 0.007209 0.005148
4 0.126126 0.705582 0.007199 0.005078
4 0.207178 0.631881 0.007232 0.005168
4 0.197613 0.698777 0.007170 0.005104
4 0.264445 0.711178 0.007168 0.005125
4 0.317957 0.711189 0.007138 0.005052
4 0.384819 0.698765 0.007223 0.005090
4 0.456269 0.705553 0.007229 0.005139
4 0.401544 0.631649 0.007132 0.005122
4 0.520625 0.705565 0.007192 0.005120
4 0.592095 0.698753 0.007222 0.005111
4 0.658968 0.711199 0.007239 0.005033
4 0.575410 0.631619 0.007175 0.005119
4 0.712480 0.711188 0.007226 0.005114
4 0.779355 0.698752 0.007145 0.005076
4 0.850834 0.705545 0.007159 0.005066
4 0.786421 0.631644 0.007192 0.005075