4 0.145519 0.218490 0.007237 0.005094
4 0.127561 0.253382 0.007208 0.005062
4 0.127584 0.269647 0.007164 0.005110
4 0.123377 0.308388 0.007201 0.005112
4 0.153879 0.314896 0.007201 0.005097
4 0.185272 0.290347 0.007151 0.005095
4 0.198998 0.319326 0.007175 0.005146
4 0.213236 0.290342 0.007201 0.005076
4 0.264214 0.286829 0.007266 0.005142
4 0.277186 0.315821 0.007243 0.005077
4 0.330648 0.315822 0.007192 0.005118
4 0.343625 0.286823 0.007172 0.005058
4 0.366158 0.229133 0.007169 0.005073
4 0.399638 0.234743 0.007177 0.005056
4 0.408820 0.287429 0.007109 0.005073
4 0.408818 0.315813 0.007125 0.005090
4 0.460217 0.308390 0.007193 0.005069
4 0.480261 0.269660 0.007206 0.005100
4 0.480264 0.253373 0.007213 0.005058
4 0.462296 0.218483 0.007267 0.005119
4 0.540064 0.218472 0.007226 0.005138
4 0.522066 0.253359 0.007112 0.005102
4 0.522122 0.269672 0.007182 0.005083
4 0.542120 0.308390 0.007131 0.005047
4 0.593573 0.315800 0.007181 0.005136
4 0.593576 0.287397 0.007173 0.005096
4 0.602711 0.234765 0.007193 0.005112
4 0.636149 0.229105 0.007184 0.005050
4 0.658746 0.286819 0.007175 0.005094
4 0.671748 0.315827 0.007238 0.005153
4 0.725220 0.315766 0.007142 0.005107
4 0.738118 0.286822 0.007177 0.005102
4 0.789119 0.290350 0.007209 0.005079
4 0.817106 0.290336 0.007205 0.005038
4 0.803357 0.319310 0.007144 0.005091
4 0.863533 0.318140 0.007149 0.005097
4 0.874837 0.269675 0.007172 0.005125
4 0.874814 0.253360 0.007201 0.005116
4 0.856860 0.218460 0.007181 0.005100