29 0.200059 0.515949 0.005028 0.007071
29 0.200076 0.552633 0.005066 0.007032
29 0.207102 0.552612 0.004940 0.007112
29 0.207094 0.515973 0.004965 0.007029
29 0.318970 0.515964 0.005023 0.007027
29 0.326017 0.515967 0.004941 0.007082
29 0.318964 0.552591 0.005017 0.007009
29 0.326013 0.552569 0.004945 0.007079
29 0.477074 0.515988 0.004945 0.007081
29 0.477079 0.552616 0.004949 0.007111
29 0.588925 0.515984 0.005007 0.007044
29 0.595960 0.515946 0.005006 0.007087
29 0.588942 0.552628 0.004995 0.007071
29 0.595961 0.552609 0.004938 0.007051
29 0.739980 0.515973 0.005025 0.007040
29 0.747027 0.515979 0.004928 0.007102
29 0.739961 0.552623 0.004993 0.007029
29 0.747029 0.552619 0.004943 0.007159