24 0.203494 0.409903 0.005124 0.007254
24 0.322532 0.409902 0.005144 0.007073
24 0.454316 0.406530 0.005110 0.007169
24 0.592422 0.409930 0.005130 0.007013
24 0.743469 0.409894 0.005108 0.006958
24 0.664361 0.450315 0.005097 0.007041
24 0.747119 0.546356 0.004984 0.007195
24 0.739878 0.546318 0.005054 0.007228
24 0.596091 0.546334 0.004975 0.007172
24 0.588792 0.546328 0.004993 0.007196
24 0.477160 0.546366 0.005056 0.007199
24 0.326129 0.546323 0.005000 0.007182
24 0.318864 0.546336 0.005025 0.007285
24 0.207184 0.546363 0.004989 0.007171
24 0.199920 0.546308 0.004923 0.007188
31 0.387283 0.457371 0.003022 0.004380
31 0.657262 0.457382 0.003078 0.004258