24 0.189156 0.176786 0.005116 0.007159
24 0.253090 0.176745 0.005057 0.007042
24 0.308115 0.176699 0.005066 0.006952
24 0.376569 0.176759 0.005128 0.007044
24 0.427174 0.176730 0.005077 0.006987
24 0.490964 0.176722 0.005026 0.007004
24 0.545143 0.176742 0.005087 0.007081
24 0.608811 0.176753 0.005057 0.006926
24 0.686435 0.176704 0.005066 0.006971
24 0.755393 0.176772 0.005098 0.006885
24 0.747149 0.248476 0.004996 0.007246
24 0.739833 0.248468 0.004994 0.007250
24 0.747126 0.280503 0.004967 0.007295
24 0.739826 0.280516 0.004950 0.007274
24 0.596077 0.248477 0.005013 0.007243
24 0.588762 0.248426 0.004940 0.007163
24 0.596093 0.280478 0.004982 0.007271
24 0.588789 0.280506 0.004985 0.007264
24 0.477155 0.248466 0.005072 0.007217
24 0.469879 0.248443 0.004965 0.007217
24 0.477149 0.280512 0.004993 0.007239
24 0.469879 0.280474 0.004987 0.007211
24 0.326131 0.248459 0.005014 0.007229
24 0.318852 0.248467 0.005017 0.007199
24 0.318883 0.280493 0.005023 0.007260
24 0.326139 0.280512 0.004930 0.007295
24 0.207230 0.248461 0.004966 0.007257
24 0.199970 0.248477 0.005089 0.007220
24 0.199996 0.280500 0.005086 0.007275
24 0.207228 0.280485 0.004962 0.007284
24 0.189156 0.658714 0.005119 0.007010
24 0.253082 0.658684 0.005043 0.006992
24 0.308099 0.658690 0.005108 0.007026
24 0.376571 0.658696 0.005108 0.007009
24 0.436554 0.658757 0.005119 0.007075
24 0.490954 0.658748 0.005067 0.007044
24 0.545130 0.658712 0.005097 0.007009
24 0.608816 0.658742 0.005071 0.007007
24 0.686424 0.658711 0.005047 0.007003
24 0.755408 0.658712 0.005098 0.006905
24 0.747135 0.730468 0.005009 0.007307
24 0.739864 0.730461 0.005108 0.007283
24 0.739845 0.762420 0.004977 0.007286
24 0.747154 0.762420 0.004987 0.007243
24 0.596083 0.730462 0.005014 0.007259
24 0.588785 0.730427 0.004997 0.007243
24 0.588804 0.762454 0.004986 0.007242
24 0.596075 0.762449 0.005021 0.007265
24 0.477146 0.730472 0.005019 0.007302
24 0.469865 0.762424 0.005063 0.007230
24 0.477158 0.762425 0.005040 0.007240
24 0.326141 0.730474 0.005001 0.007318
24 0.318857 0.730453 0.005047 0.007264
24 0.318842 0.762451 0.004998 0.007254
24 0.326150 0.762454 0.004968 0.007270
24 0.207208 0.730472 0.005007 0.007281
24 0.199959 0.730491 0.005118 0.007246
24 0.199963 0.762451 0.005119 0.007265
24 0.207210 0.762429 0.004994 0.007268
31 0.387300 0.185660 0.003052 0.004245
31 0.657275 0.185651 0.003075 0.004145
31 0.657256 0.667598 0.003012 0.004243
31 0.387293 0.667588 0.003035 0.004243