24 0.189162 0.192880 0.005106 0.007105
24 0.253093 0.192844 0.005117 0.007096
24 0.308066 0.192870 0.005141 0.007062
24 0.376564 0.192852 0.005086 0.007018
24 0.427965 0.192845 0.005117 0.007000
24 0.490979 0.192867 0.005084 0.006981
24 0.545147 0.192844 0.005117 0.006938
24 0.608805 0.193012 0.005054 0.007333
24 0.686431 0.192811 0.005068 0.007027
24 0.755389 0.193035 0.005107 0.007348
24 0.747128 0.264574 0.005022 0.007292
24 0.739838 0.264581 0.005060 0.007263
24 0.739875 0.296577 0.005002 0.007215
24 0.747144 0.296576 0.004929 0.007221
24 0.596058 0.264584 0.005024 0.007286
24 0.588821 0.264577 0.005030 0.007257
24 0.588826 0.296594 0.005071 0.007179
24 0.596048 0.296594 0.005020 0.007218
24 0.477151 0.264582 0.005092 0.007235
24 0.469894 0.264557 0.005060 0.007220
24 0.469909 0.296582 0.005080 0.007205
24 0.477120 0.296581 0.005058 0.007214
24 0.326131 0.264589 0.005056 0.007268
24 0.318852 0.264560 0.005049 0.007270
24 0.318917 0.296598 0.005037 0.007246
24 0.326113 0.296594 0.005047 0.007258
24 0.207181 0.264600 0.005053 0.007275
24 0.199962 0.264571 0.005088 0.007254
24 0.199984 0.296596 0.005092 0.007268
24 0.207183 0.296580 0.005057 0.007230
24 0.189178 0.646715 0.005134 0.007007
24 0.253088 0.646724 0.005060 0.007121
24 0.308104 0.646745 0.005073 0.007038
24 0.376571 0.646709 0.005101 0.007039
24 0.428006 0.646718 0.005060 0.007098
24 0.483338 0.646723 0.005077 0.007030
24 0.545162 0.646744 0.005128 0.007102
24 0.604326 0.646741 0.005106 0.006958
24 0.686435 0.646690 0.005095 0.007020
24 0.755397 0.646734 0.005062 0.006939
24 0.747128 0.744589 0.004864 0.007216
24 0.739881 0.744565 0.004962 0.007266
24 0.596092 0.744559 0.004954 0.007273
24 0.588810 0.744568 0.004967 0.007257
24 0.477165 0.744608 0.004987 0.007292
24 0.469874 0.744592 0.005006 0.007282
24 0.326129 0.744579 0.005018 0.007260
24 0.318844 0.744571 0.004974 0.007320
24 0.207218 0.744581 0.004998 0.007289
24 0.199911 0.744550 0.004943 0.007210
31 0.387287 0.201705 0.003065 0.004268
31 0.657259 0.201699 0.003035 0.004275
31 0.657298 0.655636 0.003121 0.004217
31 0.387287 0.655644 0.003049 0.004221