24 0.173010 0.259626 0.005126 0.007090
24 0.199969 0.296589 0.005127 0.007192
24 0.207159 0.296588 0.005071 0.007242
24 0.234105 0.259618 0.005110 0.007104
24 0.291916 0.259591 0.005095 0.007160
24 0.318900 0.296597 0.005163 0.007215
24 0.326109 0.296590 0.005029 0.007220
24 0.353062 0.259597 0.005098 0.007188
24 0.442997 0.259609 0.005135 0.007135
24 0.469917 0.296604 0.005059 0.007218
24 0.477123 0.296569 0.005079 0.007206
24 0.504063 0.259635 0.005125 0.007097
24 0.561924 0.259655 0.005128 0.007102
24 0.588823 0.296601 0.004996 0.007215
24 0.596048 0.296597 0.005062 0.007210
24 0.622997 0.259609 0.005121 0.007160
24 0.712916 0.259641 0.005126 0.007151
24 0.739878 0.296574 0.005137 0.007273
24 0.747142 0.296580 0.005018 0.007256
24 0.774053 0.259620 0.005097 0.007092
24 0.189172 0.646733 0.005142 0.007097
24 0.253087 0.646753 0.005072 0.007126
24 0.308090 0.646724 0.005080 0.007126
24 0.376569 0.646731 0.005085 0.007103
24 0.428534 0.646719 0.005080 0.007092
24 0.490963 0.646719 0.005045 0.007117
24 0.545138 0.646752 0.005073 0.007143
24 0.608834 0.646770 0.005108 0.006975
24 0.686421 0.646738 0.005072 0.007026
24 0.755429 0.646747 0.005103 0.006973
24 0.747149 0.718441 0.004996 0.007247
24 0.739889 0.718421 0.005102 0.007186
24 0.739891 0.750498 0.005082 0.007224
24 0.747066 0.750480 0.005048 0.007288
24 0.596060 0.718406 0.005073 0.007206
24 0.588833 0.718432 0.005091 0.007207
24 0.588841 0.750485 0.005027 0.007258
24 0.596049 0.750474 0.005027 0.007311
24 0.477117 0.718444 0.005124 0.007213
24 0.469903 0.718445 0.005086 0.007224
24 0.469929 0.750462 0.005080 0.007230
24 0.477103 0.750462 0.005144 0.007258
24 0.326092 0.718425 0.005092 0.007299
24 0.318889 0.718432 0.005097 0.007230
24 0.318895 0.750490 0.005065 0.007238
24 0.326098 0.750487 0.005079 0.007238
24 0.207179 0.718430 0.005064 0.007240
24 0.199953 0.718432 0.005107 0.007207
24 0.199991 0.750444 0.005094 0.007224
24 0.207161 0.750445 0.005095 0.007266
31 0.387279 0.653940 0.002999 0.004179
31 0.657228 0.653916 0.003000 0.004226