29 0.200059 0.515975 0.005038 0.007094
29 0.207123 0.515956 0.004903 0.007055
29 0.200057 0.552602 0.005021 0.007039
29 0.207108 0.552615 0.004909 0.007115
29 0.318984 0.515958 0.005022 0.007037
29 0.326008 0.516006 0.004954 0.007086
29 0.318950 0.552635 0.004988 0.007037
29 0.326008 0.552623 0.004920 0.007062
29 0.477051 0.515973 0.004962 0.007071
29 0.477051 0.552628 0.004995 0.007071
29 0.588926 0.515973 0.005028 0.007025
29 0.595968 0.515973 0.004995 0.007071
29 0.588923 0.552614 0.005010 0.007033
29 0.595974 0.552624 0.004968 0.007092
29 0.739968 0.515971 0.004941 0.007044
29 0.747026 0.515996 0.004958 0.007044
29 0.739956 0.552607 0.004973 0.007040
29 0.747021 0.552629 0.004945 0.007079