29 0.200069 0.515991 0.005051 0.007040
29 0.207095 0.515973 0.004908 0.007077
29 0.200063 0.552602 0.005025 0.007059
29 0.207099 0.552624 0.004950 0.007082
29 0.318959 0.515991 0.005038 0.007040
29 0.326000 0.516001 0.004961 0.007081
29 0.318972 0.552596 0.005041 0.007026
29 0.326025 0.552592 0.004917 0.007089
29 0.477069 0.515973 0.004960 0.007040
29 0.477081 0.552614 0.004914 0.007083
29 0.588932 0.515957 0.005013 0.007053
29 0.595953 0.515971 0.004981 0.007150
29 0.588913 0.552597 0.004992 0.007046
29 0.595967 0.552615 0.004907 0.007132
29 0.739973 0.515973 0.005012 0.007040
29 0.747040 0.515964 0.004949 0.007069
29 0.747039 0.552613 0.004923 0.007091
29 0.739959 0.552602 0.004957 0.007085