29 0.147432 0.565936 0.004619 0.007132
29 0.259588 0.565933 0.004872 0.007126
29 0.266412 0.565865 0.004775 0.007080
29 0.378550 0.565888 0.004743 0.007034
29 0.429378 0.571547 0.005024 0.007073
29 0.529609 0.565904 0.004649 0.007058
29 0.536372 0.565923 0.004649 0.007097
29 0.648507 0.565885 0.004603 0.007074
29 0.687479 0.565905 0.004695 0.007089
29 0.799524 0.565907 0.004782 0.007094
29 0.797735 0.494103 0.004967 0.007062
29 0.795329 0.494118 0.004988 0.007032
29 0.691605 0.494112 0.005005 0.007011
29 0.689227 0.494109 0.005026 0.007008
29 0.644309 0.494102 0.004982 0.007094
29 0.646705 0.494102 0.005002 0.007094
29 0.540574 0.494116 0.005016 0.006986
29 0.538201 0.494113 0.004970 0.007007
29 0.527786 0.494110 0.004982 0.007038
29 0.525399 0.494102 0.004993 0.007084
29 0.376728 0.494135 0.005025 0.007031
29 0.374361 0.494111 0.005042 0.007055
29 0.270620 0.494131 0.005016 0.006973
29 0.268250 0.494131 0.005043 0.006949
29 0.257802 0.494104 0.004978 0.007047
29 0.255410 0.494100 0.005013 0.007048
29 0.151687 0.494121 0.005028 0.007054
29 0.149294 0.494118 0.005005 0.007085