29 0.183716 0.235039 0.005009 0.006987
29 0.223402 0.235045 0.005000 0.006921
29 0.302629 0.235049 0.005008 0.006981
29 0.342308 0.235040 0.005038 0.006951
29 0.453669 0.235046 0.005007 0.006909
29 0.493367 0.235055 0.005043 0.006976
29 0.572590 0.235048 0.005037 0.006903
29 0.612289 0.235049 0.005027 0.006934
29 0.723633 0.235034 0.004972 0.006956
29 0.763320 0.235046 0.005026 0.006952
29 0.781417 0.293922 0.004996 0.007085
29 0.708170 0.293916 0.004950 0.007021
29 0.627720 0.293866 0.005018 0.006805
29 0.557155 0.293896 0.004945 0.006885
29 0.508841 0.293867 0.004982 0.006837
29 0.438238 0.293847 0.004963 0.006863
29 0.357763 0.293881 0.005018 0.006914
29 0.287186 0.293890 0.005012 0.006931
29 0.238846 0.293820 0.005042 0.006812
29 0.165602 0.293920 0.004997 0.007056
29 0.183697 0.717034 0.005018 0.006978
29 0.223421 0.717018 0.005018 0.006852
29 0.302655 0.717022 0.004988 0.006927
29 0.342326 0.717055 0.005004 0.006941
29 0.437107 0.712718 0.005029 0.007078
29 0.493361 0.717007 0.005064 0.006912
29 0.572620 0.717026 0.004993 0.006857
29 0.612296 0.717035 0.005038 0.006893
29 0.723636 0.717025 0.004999 0.006912
29 0.763321 0.717051 0.005023 0.006933
29 0.781423 0.775900 0.004986 0.006998
29 0.708184 0.775716 0.004963 0.006626
29 0.627749 0.775745 0.005038 0.006750
29 0.557150 0.775734 0.004967 0.006704
29 0.508834 0.775704 0.005023 0.006689
29 0.417478 0.776494 0.004628 0.007056
29 0.417475 0.779792 0.004668 0.007029
29 0.357771 0.775709 0.005063 0.006647
29 0.287177 0.775726 0.004988 0.006749
29 0.238861 0.775745 0.005016 0.006714
29 0.165610 0.775848 0.005005 0.007097