29 0.183729 0.251199 0.004990 0.006966
29 0.223413 0.251204 0.004993 0.007025
29 0.302643 0.251192 0.004968 0.006983
29 0.342313 0.251202 0.005011 0.006986
29 0.453690 0.251153 0.004995 0.006952
29 0.493346 0.251160 0.005040 0.006909
29 0.572597 0.251188 0.004988 0.006942
29 0.612295 0.251183 0.005005 0.007003
29 0.723640 0.251192 0.004952 0.007026
29 0.763316 0.251191 0.005012 0.007019
29 0.781427 0.310043 0.004967 0.007003
29 0.705526 0.310037 0.005019 0.007015
29 0.630404 0.310045 0.005005 0.007015
29 0.554491 0.310014 0.005014 0.006992
29 0.511477 0.310040 0.004996 0.006942
29 0.435572 0.310007 0.005027 0.006965
29 0.360426 0.310040 0.004981 0.006987
29 0.284515 0.310005 0.005001 0.006955
29 0.241539 0.310002 0.004986 0.007008
29 0.165622 0.310010 0.005007 0.007039
29 0.184975 0.658684 0.005004 0.006975
29 0.222116 0.658702 0.005005 0.006997
29 0.303901 0.658682 0.004974 0.007005
29 0.341049 0.658724 0.005016 0.006892
29 0.454939 0.658722 0.005030 0.006969
29 0.492089 0.658725 0.004988 0.006958
29 0.573893 0.658617 0.005005 0.007016
29 0.611020 0.658601 0.004982 0.007052
29 0.724912 0.658662 0.005009 0.007013
29 0.762035 0.658710 0.005018 0.006937
29 0.776232 0.700982 0.004970 0.007053
29 0.776238 0.704332 0.004982 0.007053
29 0.710745 0.700990 0.004923 0.007041
29 0.710740 0.704362 0.004933 0.007111
29 0.625181 0.700976 0.004986 0.007026
29 0.625190 0.704335 0.005001 0.007148
29 0.559705 0.700984 0.004934 0.007058
29 0.559699 0.704376 0.004947 0.007095
29 0.506242 0.700977 0.004947 0.007095
29 0.506242 0.704359 0.004947 0.007150
29 0.440779 0.700975 0.004925 0.007044
29 0.440778 0.704315 0.004930 0.007077
29 0.355219 0.700969 0.004944 0.007075
29 0.355225 0.704386 0.004955 0.007075
29 0.289776 0.700971 0.004915 0.007048
29 0.289770 0.704396 0.004928 0.007120
29 0.236282 0.700996 0.004945 0.007079
29 0.236282 0.704377 0.004973 0.007099
29 0.170814 0.700965 0.004985 0.007057
29 0.170820 0.704363 0.004992 0.007067
29 0.147547 0.763264 0.004674 0.007045
29 0.259568 0.763307 0.004755 0.007023
29 0.266426 0.763294 0.004699 0.007090
29 0.378509 0.763284 0.004759 0.007059
29 0.417470 0.763291 0.004757 0.007121
29 0.529576 0.763290 0.004804 0.007030
29 0.536371 0.763278 0.004794 0.007037
29 0.648442 0.763270 0.004795 0.007045
29 0.687452 0.763270 0.004815 0.007130
29 0.799503 0.763286 0.004727 0.007054