29 0.183712 0.705049 0.005053 0.006927
29 0.223419 0.705043 0.005010 0.007026
29 0.302645 0.705004 0.005057 0.007018
29 0.342314 0.705051 0.005019 0.007015
29 0.453681 0.704994 0.004986 0.006957
29 0.493354 0.705022 0.005010 0.006973
29 0.572598 0.705015 0.005040 0.006931
29 0.612291 0.705035 0.005045 0.006897
29 0.723640 0.705021 0.005005 0.006917
29 0.763315 0.705041 0.005017 0.006943
29 0.781419 0.763858 0.004982 0.007034
29 0.705532 0.763903 0.005058 0.006967
29 0.630389 0.763913 0.004998 0.007000
29 0.554486 0.763878 0.005027 0.007030
29 0.511493 0.763895 0.004996 0.007030
29 0.435572 0.763849 0.005037 0.006972
29 0.360436 0.763911 0.004981 0.006999
29 0.284543 0.763870 0.005027 0.007061
29 0.241532 0.763892 0.004996 0.007041
29 0.165604 0.763890 0.005011 0.006979