19 0.168868 0.471598 0.004044 0.007370
19 0.441599 0.531656 0.004093 0.007413
19 0.466149 0.531712 0.004222 0.007469
11 0.712036 0.470859 0.004190 0.007512
19 0.766412 0.531588 0.004212 0.007451
11 0.759505 0.546292 0.004230 0.007680
19 0.640470 0.557729 0.004221 0.007218
19 0.627607 0.540379 0.004333 0.007527
19 0.604939 0.540392 0.004179 0.007393
19 0.592228 0.557827 0.004161 0.007282
11 0.597396 0.547451 0.004227 0.007360
11 0.635244 0.547420 0.004274 0.007560
11 0.473110 0.546118 0.004241 0.007308
11 0.434635 0.546129 0.004208 0.007308
11 0.387165 0.471025 0.004119 0.007896
19 0.174284 0.577876 0.004182 0.007485
19 0.267278 0.557823 0.004192 0.007208
11 0.272582 0.547528 0.004262 0.007747
11 0.310384 0.547410 0.004124 0.007345
19 0.315530 0.557829 0.004208 0.007380
19 0.302719 0.540439 0.004213 0.007424
19 0.280097 0.540487 0.004236 0.007261
11 0.158635 0.461422 0.004247 0.007769
11 0.520645 0.470940 0.004342 0.007719
28 0.387066 0.480358 0.004384 0.007475
28 0.520733 0.480377 0.004401 0.007478
28 0.711925 0.480372 0.004324 0.007388