19 0.245576 0.168532 0.004028 0.007253
19 0.405006 0.211629 0.003884 0.007482
19 0.520130 0.211471 0.003983 0.007126
19 0.719079 0.211499 0.004065 0.007255
11 0.177151 0.682208 0.004172 0.007380
19 0.186968 0.691990 0.003878 0.007292
19 0.192239 0.794624 0.003958 0.007188
19 0.282238 0.775200 0.004097 0.006994
11 0.287213 0.765117 0.004107 0.007068
11 0.323823 0.765216 0.004185 0.007176
19 0.328798 0.775279 0.004073 0.007069
19 0.450643 0.750164 0.003969 0.007400
11 0.443903 0.764141 0.003861 0.007400
19 0.474416 0.750033 0.004156 0.006920
11 0.481175 0.763965 0.004051 0.007352
11 0.527049 0.691121 0.004067 0.007070
11 0.712142 0.691094 0.004123 0.007294
11 0.758013 0.764034 0.004089 0.007353
19 0.764771 0.749970 0.004157 0.007193
11 0.601268 0.765065 0.004082 0.007008
19 0.608651 0.758500 0.004162 0.006972
19 0.596257 0.775311 0.004102 0.007043
11 0.637920 0.765087 0.004175 0.007061
19 0.642866 0.775205 0.004213 0.007301
19 0.630497 0.758412 0.004255 0.007320
19 0.294592 0.758434 0.004028 0.007232
19 0.316461 0.758461 0.004058 0.007179
11 0.398087 0.691139 0.003961 0.007442
25 0.267221 0.228072 0.005767 0.004962
25 0.281890 0.213914 0.002710 0.010201
25 0.319784 0.228136 0.005754 0.004872
25 0.312015 0.121920 0.002799 0.010060
25 0.618174 0.228134 0.005753 0.004890
25 0.656033 0.213920 0.002732 0.010138
25 0.673136 0.228148 0.005751 0.004840
25 0.625947 0.121937 0.002757 0.010133
28 0.397948 0.700426 0.004195 0.007260
28 0.527178 0.700417 0.004267 0.007283
28 0.712000 0.700417 0.004232 0.007291