4 0.060807 0.309368 0.011163 0.019532
1 0.155400 0.348225 0.005748 0.010176
5 0.165648 0.343104 0.004913 0.009863
1 0.166163 0.401141 0.005789 0.010241
1 0.166162 0.445928 0.005838 0.010282
1 0.153850 0.560828 0.005813 0.010190
1 0.177291 0.555072 0.005745 0.010237
1 0.209015 0.584223 0.005709 0.010055
5 0.210190 0.551058 0.004809 0.009910
5 0.210152 0.494542 0.004891 0.009878
1 0.218044 0.490610 0.005837 0.010203
1 0.245461 0.503731 0.005668 0.010258
1 0.262587 0.598496 0.005841 0.010231
1 0.312048 0.571305 0.005845 0.010178
5 0.308213 0.551378 0.005570 0.008450
5 0.308820 0.516543 0.004786 0.009896
1 0.312736 0.496495 0.005850 0.010075
1 0.347913 0.497850 0.005802 0.010118
5 0.352370 0.510217 0.005668 0.008179
5 0.349758 0.551491 0.005622 0.008435
1 0.347566 0.572569 0.005755 0.010079
5 0.384503 0.551512 0.005610 0.008401
1 0.394683 0.562042 0.005778 0.010342
1 0.403361 0.526196 0.005745 0.010437
5 0.389616 0.532890 0.004689 0.009938
5 0.389710 0.492783 0.004599 0.009918
1 0.403371 0.486024 0.005722 0.010173
5 0.364380 0.420697 0.005668 0.008486
1 0.367259 0.383279 0.005754 0.009882
1 0.389333 0.384009 0.005875 0.010248
1 0.408728 0.384084 0.005927 0.010275
1 0.436195 0.384106 0.005736 0.010224
5 0.395023 0.415832 0.004620 0.009884
5 0.412639 0.420622 0.005682 0.008229
5 0.435383 0.420573 0.005644 0.008153
5 0.485864 0.412446 0.005541 0.008245
1 0.490390 0.375793 0.005848 0.010210
1 0.509774 0.375914 0.005771 0.010111
5 0.514998 0.412416 0.005762 0.008159
5 0.538885 0.386796 0.004743 0.009891
1 0.531170 0.392311 0.005949 0.010181
5 0.544890 0.379557 0.004713 0.009969
1 0.539282 0.350544 0.005764 0.010228
5 0.566181 0.414852 0.005551 0.008699
1 0.569351 0.376375 0.005866 0.010178
5 0.693307 0.360579 0.005619 0.008290
1 0.696823 0.319226 0.005760 0.010226
5 0.741559 0.312969 0.004809 0.009933
1 0.748951 0.305065 0.005829 0.010168
1 0.754394 0.392922 0.005799 0.010264
5 0.730090 0.402928 0.005602 0.008505
1 0.729924 0.437593 0.005851 0.010192
5 0.733156 0.461962 0.005463 0.008484
5 0.755916 0.461881 0.005618 0.008220
1 0.762414 0.437506 0.005823 0.009847
5 0.704639 0.505297 0.005699 0.008319
5 0.733782 0.505397 0.005768 0.008519
5 0.754538 0.505418 0.005620 0.008618
1 0.709629 0.542035 0.005914 0.010504
1 0.729220 0.542037 0.005757 0.010140
1 0.751389 0.541984 0.005790 0.010349
1 0.772436 0.557842 0.005778 0.010124
5 0.775967 0.530156 0.005708 0.008430
1 0.671497 0.598584 0.005795 0.010207
5 0.675632 0.562022 0.005608 0.008390
1 0.650345 0.616487 0.005765 0.010219
5 0.646417 0.592186 0.005630 0.008398
5 0.632515 0.592675 0.005630 0.008432
1 0.628076 0.616599 0.005813 0.010239
1 0.603458 0.598609 0.005840 0.010286
5 0.600944 0.561714 0.005655 0.008514
1 0.535216 0.562562 0.005902 0.010459
5 0.546099 0.552342 0.005584 0.008635
5 0.541416 0.541962 0.005577 0.008089
1 0.526514 0.531949 0.005791 0.010293
1 0.526514 0.498951 0.005753 0.010295
5 0.541404 0.509013 0.005704 0.008403
5 0.541385 0.478309 0.005707 0.008259
1 0.526465 0.468278 0.005707 0.010303
5 0.565043 0.490397 0.004588 0.009888
1 0.580701 0.496544 0.005794 0.010117
1 0.451548 0.484258 0.005741 0.010175
1 0.476735 0.490531 0.005751 0.010218
1 0.451612 0.529049 0.005872 0.010343
1 0.477952 0.530249 0.005819 0.010050
5 0.488135 0.534175 0.004723 0.009916
5 0.441772 0.539255 0.004790 0.009860
5 0.441733 0.494518 0.004815 0.009970
5 0.488125 0.480436 0.004817 0.009921
5 0.227663 0.407240 0.004773 0.009955
1 0.237483 0.401139 0.005805 0.010376
1 0.237443 0.350503 0.005855 0.010080
1 0.661010 0.533192 0.005866 0.010273
5 0.642573 0.523529 0.004844 0.009867
5 0.151306 0.523155 0.005626 0.007928
5 0.174025 0.511414 0.005560 0.008083
5 0.204371 0.551996 0.004611 0.009835
1 0.218039 0.542462 0.005770 0.009893
5 0.187010 0.451519 0.004643 0.009771
5 0.186905 0.402079 0.004458 0.009713
5 0.227781 0.350734 0.004420 0.009891
5 0.258077 0.503830 0.004749 0.009629
5 0.263706 0.569934 0.005631 0.008534