4 0.064343 0.286692 0.011125 0.019355
1 0.158959 0.325632 0.005770 0.010065
5 0.169077 0.320698 0.004878 0.009918
1 0.169638 0.378778 0.005695 0.010383
1 0.169661 0.422367 0.005596 0.010331
5 0.190486 0.428717 0.004843 0.009572
5 0.190492 0.381550 0.004736 0.009917
1 0.240946 0.327894 0.005840 0.010134
1 0.240919 0.378638 0.005845 0.010166
5 0.231116 0.384835 0.004856 0.009908
1 0.392813 0.361485 0.005764 0.010231
1 0.412236 0.361549 0.005886 0.009983
1 0.439382 0.361515 0.005800 0.010089
5 0.542415 0.364150 0.004698 0.009893
5 0.548241 0.357239 0.004807 0.010001
5 0.569673 0.392420 0.005555 0.008541
1 0.572818 0.353882 0.005722 0.010223
1 0.542749 0.328045 0.005793 0.010203
1 0.534661 0.369843 0.005882 0.010266
1 0.514541 0.353341 0.005873 0.010178
1 0.493261 0.353347 0.005766 0.010230
1 0.700285 0.296812 0.005828 0.010212
5 0.745022 0.290533 0.004732 0.009983
1 0.752448 0.282600 0.005870 0.010250
1 0.757854 0.370357 0.005798 0.010212
1 0.733449 0.415168 0.005695 0.010316
1 0.765898 0.415190 0.005809 0.010074
5 0.733564 0.380452 0.005480 0.008209
1 0.713080 0.519595 0.005793 0.010277
1 0.754826 0.519485 0.005836 0.010244
1 0.775876 0.535414 0.005878 0.010111
1 0.664494 0.510797 0.005890 0.010575
5 0.645940 0.501004 0.004903 0.010014
5 0.656323 0.452301 0.005681 0.008327
5 0.624615 0.470379 0.004878 0.009881
5 0.599892 0.470289 0.004712 0.009891
1 0.584218 0.474127 0.005693 0.010206
1 0.578189 0.528372 0.005708 0.010221
5 0.598009 0.506505 0.005744 0.008345
5 0.604449 0.539385 0.005560 0.008604
1 0.606959 0.576124 0.005743 0.010367
1 0.633688 0.606764 0.005788 0.010195
5 0.543819 0.487053 0.004719 0.009898
1 0.529990 0.480339 0.005788 0.010157
1 0.530015 0.445871 0.005827 0.010162
5 0.544882 0.455904 0.005638 0.008194
5 0.505118 0.466260 0.005643 0.008760
1 0.479813 0.508330 0.005809 0.009996
1 0.501266 0.508356 0.005757 0.010093
1 0.455070 0.476556 0.005794 0.010161
5 0.445277 0.473347 0.004782 0.009983
5 0.394665 0.499204 0.005549 0.008669
1 0.406758 0.490988 0.005840 0.010128
1 0.406771 0.458695 0.005766 0.010156
5 0.394640 0.469010 0.005653 0.008563
1 0.351348 0.475210 0.005734 0.010041
1 0.362099 0.535928 0.005828 0.010106
1 0.341956 0.551300 0.005738 0.010265
1 0.319223 0.475293 0.005808 0.010304
5 0.321759 0.490046 0.005619 0.008303
1 0.266074 0.576121 0.005717 0.010241
1 0.212496 0.561958 0.005658 0.009965
1 0.221614 0.519958 0.005799 0.009768
5 0.213816 0.528561 0.004730 0.009917
5 0.207833 0.529478 0.004758 0.009768
1 0.169013 0.567713 0.005709 0.010056
1 0.177705 0.533676 0.005813 0.010239
1 0.177711 0.499946 0.005719 0.010210
5 0.213813 0.471936 0.004708 0.009903
1 0.221595 0.468355 0.005798 0.010417
1 0.249018 0.481249 0.005743 0.010311
1 0.732762 0.519556 0.005761 0.010246
1 0.370699 0.360823 0.005801 0.009905
5 0.476006 0.466289 0.005599 0.008546
5 0.231172 0.328181 0.004742 0.009903
5 0.166297 0.509227 0.004550 0.009913
5 0.166214 0.542158 0.004644 0.009878
5 0.160498 0.555884 0.005574 0.008818
5 0.267197 0.547443 0.005566 0.008540
5 0.261581 0.481361 0.004732 0.009662
5 0.345828 0.490109 0.005586 0.008247
5 0.345849 0.531357 0.005660 0.008488
5 0.355710 0.526242 0.004572 0.010099
5 0.373321 0.397974 0.005643 0.007907
5 0.397894 0.398068 0.005416 0.007863
5 0.416105 0.397977 0.005618 0.007854
5 0.438840 0.397982 0.005704 0.007810
5 0.489369 0.390088 0.005556 0.007844
5 0.518416 0.389933 0.005555 0.007785
5 0.636360 0.570341 0.005631 0.008013
5 0.708126 0.482963 0.005706 0.008094
5 0.737280 0.483062 0.005592 0.008319
5 0.757990 0.483159 0.005648 0.008163
5 0.779434 0.507806 0.005603 0.008150
5 0.736619 0.439252 0.005698 0.007942
5 0.759351 0.439234 0.005825 0.007996
5 0.696766 0.335925 0.005630 0.008628
1 0.631719 0.474164 0.005748 0.010018
1 0.652435 0.467098 0.005748 0.010229