4 0.056927 0.286816 0.011113 0.019360
1 0.204379 0.319214 0.005712 0.010295
1 0.166683 0.313672 0.005743 0.009983
1 0.135886 0.404657 0.005698 0.010275
1 0.176302 0.398654 0.005841 0.010059
1 0.200759 0.468312 0.005876 0.010185
1 0.168677 0.535436 0.005777 0.010271
1 0.212687 0.540114 0.005492 0.010165
1 0.165327 0.599025 0.005830 0.010097
1 0.265659 0.560107 0.005817 0.010206
1 0.351336 0.536534 0.005819 0.009983
1 0.298485 0.481167 0.005835 0.010277
1 0.403502 0.573062 0.005850 0.010258
1 0.432031 0.436445 0.005768 0.010241
1 0.410549 0.424623 0.005879 0.010249
1 0.365103 0.429382 0.005769 0.010206
1 0.446418 0.513023 0.005800 0.010447
1 0.505219 0.428319 0.005709 0.010450
1 0.503159 0.352726 0.005694 0.010120
1 0.439579 0.360978 0.005793 0.010312
1 0.543420 0.352647 0.005786 0.010128
1 0.530034 0.422299 0.005713 0.010533
1 0.582873 0.421081 0.005731 0.010190
1 0.617071 0.642556 0.005808 0.010447
1 0.649106 0.467117 0.005737 0.010210
1 0.701622 0.418776 0.005817 0.010107
1 0.738115 0.279682 0.005733 0.010354
1 0.797011 0.409297 0.005707 0.010135
1 0.701960 0.376391 0.005678 0.010109
1 0.720633 0.334984 0.005645 0.010061
1 0.733403 0.458804 0.005780 0.010367
1 0.751464 0.469365 0.005742 0.010231
1 0.765583 0.586075 0.005739 0.010184
21 0.624448 0.268017 0.005770 0.010016
21 0.318359 0.276271 0.005748 0.009882
24 0.228192 0.437468 0.005727 0.010087
22 0.123084 0.373009 0.005780 0.010242
22 0.192767 0.311084 0.005738 0.010106
22 0.180780 0.437508 0.005702 0.010146
25 0.303652 0.407753 0.008141 0.007002
25 0.324435 0.304488 0.003959 0.014352
25 0.342357 0.304501 0.003944 0.014291
25 0.639300 0.399515 0.008141 0.006968
25 0.618884 0.296118 0.003884 0.014329
25 0.600900 0.296098 0.003938 0.014308