1 0.165274 0.599083 0.005678 0.010165
1 0.168663 0.535221 0.005811 0.009835
1 0.185167 0.468238 0.005770 0.010001
1 0.135846 0.404624 0.005815 0.010211
1 0.176306 0.398712 0.005841 0.010199
1 0.166689 0.313723 0.005724 0.010023
1 0.204304 0.319159 0.005772 0.010212
1 0.240903 0.352684 0.005832 0.010154
1 0.212658 0.540088 0.005433 0.010143
1 0.212854 0.468232 0.005829 0.009971
1 0.265693 0.560100 0.005754 0.010386
1 0.298486 0.481199 0.005830 0.010316
1 0.351336 0.536608 0.005736 0.010394
1 0.403543 0.573100 0.005846 0.010184
1 0.365051 0.429338 0.005694 0.010119
1 0.403531 0.360814 0.005824 0.009983
1 0.410566 0.424565 0.005725 0.010126
1 0.431983 0.436358 0.005777 0.009983
1 0.439639 0.360890 0.005850 0.010045
1 0.446351 0.513046 0.005761 0.010207
1 0.503242 0.352710 0.005790 0.010127
1 0.505190 0.428249 0.005708 0.010106
1 0.543413 0.352626 0.005736 0.010070
1 0.529981 0.422369 0.005759 0.010417
1 0.617024 0.642715 0.005809 0.010316
1 0.649080 0.467032 0.005717 0.010330
1 0.720705 0.334987 0.005762 0.010103
1 0.796982 0.409339 0.005727 0.010258
1 0.738114 0.279654 0.005758 0.010228
1 0.765567 0.586083 0.005699 0.010239
1 0.751490 0.469286 0.005896 0.010165
1 0.733452 0.458841 0.005733 0.010140
1 0.713991 0.461173 0.005767 0.010070
1 0.701637 0.418756 0.005687 0.010165
1 0.702031 0.376202 0.005717 0.010263
1 0.582835 0.421076 0.005869 0.010204
1 0.265678 0.627299 0.005822 0.010255
1 0.533257 0.573165 0.005695 0.010101
4 0.064372 0.286613 0.011174 0.019253
24 0.223527 0.394946 0.005706 0.010130
22 0.180745 0.437602 0.005802 0.010024
22 0.228853 0.442015 0.005775 0.010017
25 0.639307 0.399525 0.008119 0.006975
25 0.622781 0.296598 0.003963 0.014329
25 0.320136 0.304817 0.003876 0.014341
25 0.303658 0.407753 0.008148 0.007005
27 0.587819 0.309142 0.003606 0.014321
27 0.355123 0.317401 0.003599 0.014318