4 0.064245 0.286841 0.011237 0.019792
1 0.135878 0.404667 0.005821 0.010253
1 0.168029 0.398667 0.005784 0.010310
1 0.208148 0.335055 0.005695 0.010175
1 0.210817 0.402222 0.005731 0.009928
1 0.184716 0.468123 0.005691 0.010268
1 0.200708 0.468287 0.005942 0.010349
1 0.165290 0.599056 0.005771 0.010001
1 0.168596 0.535509 0.005859 0.010388
1 0.212818 0.540066 0.005931 0.010300
1 0.298511 0.481128 0.005815 0.010383
1 0.265700 0.627408 0.005856 0.010165
1 0.306489 0.570370 0.005762 0.010049
1 0.398171 0.510611 0.005757 0.010140
1 0.403563 0.360763 0.005705 0.009983
1 0.439640 0.360814 0.005792 0.009903
1 0.431992 0.436415 0.005903 0.010125
1 0.505190 0.428196 0.005767 0.010157
1 0.503259 0.352715 0.005786 0.010286
1 0.543356 0.352731 0.005844 0.010293
1 0.529953 0.422313 0.005789 0.010195
1 0.582866 0.421109 0.005725 0.010233
1 0.720677 0.334989 0.005796 0.010173
1 0.738068 0.279639 0.005954 0.010120
1 0.751453 0.469286 0.005847 0.010163
1 0.733411 0.458866 0.005824 0.010376
1 0.713997 0.461086 0.005913 0.010180
1 0.722752 0.523538 0.005839 0.010043
1 0.616963 0.642655 0.005858 0.010318
1 0.617019 0.580202 0.005854 0.010065
1 0.664489 0.580121 0.005734 0.010348
1 0.584212 0.489427 0.005771 0.010319
1 0.538685 0.505926 0.005870 0.010250
1 0.403500 0.573255 0.005824 0.010422
1 0.365098 0.429334 0.005749 0.010268
1 0.765623 0.529391 0.005817 0.010180
1 0.701584 0.418771 0.005688 0.010327
1 0.757514 0.399853 0.005801 0.010217
1 0.649148 0.467073 0.005746 0.010212
1 0.446269 0.512988 0.006043 0.010203
1 0.490540 0.507158 0.005699 0.010367
25 0.639312 0.399537 0.008150 0.006957
25 0.622758 0.296541 0.003954 0.014317
25 0.320134 0.304794 0.003893 0.014345
25 0.303645 0.407729 0.008120 0.007002
27 0.355109 0.317390 0.003605 0.014350
27 0.587844 0.309157 0.003599 0.014343