0 0.773501 0.488170 0.004328 0.008985
0 0.773253 0.535265 0.004257 0.009134
0 0.773253 0.586927 0.004257 0.009134
0 0.766832 0.628631 0.004328 0.008985
0 0.739482 0.646676 0.004257 0.009134
0 0.718801 0.646601 0.004328 0.008985
0 0.740582 0.455076 0.004328 0.008985
0 0.675239 0.455151 0.004328 0.009134
0 0.676375 0.646601 0.004328 0.008985
0 0.696985 0.646601 0.004257 0.008985
0 0.642568 0.586777 0.004257 0.009134
0 0.648989 0.628781 0.004328 0.008985
0 0.642568 0.491090 0.004257 0.009134
0 0.648705 0.460916 0.004328 0.009284
0 0.621391 0.491090 0.004328 0.008835
0 0.615218 0.460991 0.004328 0.009134
0 0.588684 0.455002 0.004328 0.009134
0 0.621391 0.586852 0.004328 0.008985
0 0.614970 0.628706 0.004257 0.009134
0 0.587584 0.646676 0.004399 0.008835
0 0.566939 0.646676 0.004399 0.009134
0 0.545122 0.646601 0.004328 0.008985
0 0.524477 0.646526 0.004328 0.009134
0 0.523342 0.455002 0.004328 0.009134
0 0.497091 0.628631 0.004328 0.009284
0 0.490706 0.586927 0.004328 0.009134
0 0.490670 0.535190 0.004399 0.009284
0 0.490422 0.488170 0.004328 0.008985
0 0.459170 0.628781 0.004399 0.009284
0 0.465591 0.587002 0.004328 0.008985
0 0.465591 0.535190 0.004328 0.009284
0 0.465839 0.488245 0.004399 0.009134
0 0.432884 0.455002 0.004470 0.009434
0 0.411174 0.646601 0.004470 0.009284
0 0.431820 0.646676 0.004328 0.009134
0 0.389322 0.646676 0.004470 0.009134
0 0.368748 0.646601 0.004328 0.008985
0 0.367577 0.454852 0.004541 0.009434
0 0.334871 0.491165 0.004541 0.009284
0 0.340972 0.460916 0.004541 0.009584
0 0.341327 0.628706 0.004541 0.009434
0 0.334906 0.587077 0.004470 0.009134
0 0.313728 0.586927 0.004399 0.008835
0 0.307308 0.628556 0.004470 0.009434
0 0.313728 0.490940 0.004399 0.009134
0 0.307591 0.460916 0.004470 0.009284
0 0.279922 0.646526 0.004328 0.009134
0 0.281057 0.455002 0.004328 0.009134
0 0.259276 0.646526 0.004328 0.009134
0 0.237460 0.646601 0.004399 0.008985
0 0.216850 0.646526 0.004328 0.009134
0 0.215750 0.455076 0.004257 0.009284
0 0.189464 0.628706 0.004328 0.009134
0 0.183008 0.586927 0.004328 0.009134
0 0.182795 0.488170 0.004328 0.008985
0 0.183044 0.535340 0.004257 0.008985