0 0.773466 0.466158 0.004399 0.008985
0 0.773253 0.513327 0.004257 0.009284
0 0.773288 0.564990 0.004328 0.009284
0 0.766868 0.606843 0.004541 0.009434
0 0.739482 0.624738 0.004257 0.008985
0 0.718765 0.624738 0.004399 0.008985
0 0.740582 0.433139 0.004328 0.009434
0 0.675275 0.433139 0.004399 0.009134
0 0.648670 0.439054 0.004399 0.009284
0 0.697056 0.624738 0.004257 0.009284
0 0.676375 0.624888 0.004328 0.009284
0 0.614934 0.606694 0.004328 0.009134
0 0.621355 0.564915 0.004257 0.009134
0 0.642639 0.469227 0.004257 0.009134
0 0.621320 0.469078 0.004328 0.009134
0 0.615289 0.439128 0.004328 0.009134
0 0.588684 0.433288 0.004328 0.009434
0 0.566939 0.624738 0.004399 0.009584
0 0.545158 0.624813 0.004399 0.009134
0 0.523377 0.433214 0.004257 0.009284
0 0.490422 0.466232 0.004470 0.009134
0 0.465874 0.466307 0.004328 0.008985
0 0.490706 0.513327 0.004328 0.008985
0 0.465591 0.513327 0.004328 0.009284
0 0.497127 0.606768 0.004399 0.009284
0 0.490741 0.564990 0.004257 0.008985
0 0.465555 0.565064 0.004399 0.008835
0 0.459134 0.606843 0.004328 0.009134
0 0.411139 0.624813 0.004257 0.009134
0 0.432884 0.433139 0.004328 0.009134
0 0.367542 0.433064 0.004328 0.009284
0 0.389287 0.624813 0.004399 0.009134
0 0.341291 0.606918 0.004470 0.009284
0 0.334871 0.565139 0.004399 0.008985
0 0.341043 0.439128 0.004399 0.009434
0 0.334906 0.469227 0.004328 0.009134
0 0.313693 0.469227 0.004328 0.009134
0 0.307556 0.438979 0.004399 0.009434
0 0.281022 0.433139 0.004399 0.009134
0 0.279957 0.624738 0.004399 0.009284
0 0.259241 0.624813 0.004399 0.009134
0 0.237531 0.624813 0.004257 0.009134
0 0.215750 0.433139 0.004257 0.009434
0 0.216814 0.624663 0.004399 0.009134
0 0.189429 0.606768 0.004399 0.009284
0 0.183044 0.564915 0.004399 0.009434
0 0.183008 0.513327 0.004328 0.008985
0 0.182795 0.466307 0.004470 0.009284