3 0.411706 0.281222 0.004399 0.008985
3 0.388790 0.281297 0.004257 0.009134
3 0.718765 0.471473 0.004399 0.009434
3 0.697020 0.471473 0.004328 0.009134
3 0.707875 0.417790 0.004328 0.008985
3 0.719404 0.281297 0.004399 0.009134
3 0.696453 0.281222 0.004328 0.008985
3 0.567471 0.281372 0.004470 0.009284
3 0.544590 0.281297 0.004257 0.009434
3 0.555977 0.417865 0.004328 0.009134
3 0.566903 0.471548 0.004328 0.008985
3 0.545264 0.471548 0.004186 0.009284
3 0.411068 0.471399 0.004399 0.009284
3 0.389393 0.471548 0.004328 0.008985
3 0.400355 0.417940 0.004257 0.008985
3 0.259241 0.471548 0.004257 0.008985
3 0.237460 0.471548 0.004399 0.009284
3 0.248386 0.417865 0.004257 0.009134
3 0.259915 0.281222 0.004186 0.008985
3 0.236893 0.281222 0.004115 0.008985