3 0.718730 0.471548 0.004470 0.009284
3 0.697056 0.471623 0.004399 0.009434
3 0.707875 0.417940 0.004328 0.009284
3 0.707946 0.343142 0.004328 0.009434
3 0.566903 0.471548 0.004328 0.009284
3 0.545193 0.471473 0.004328 0.009134
3 0.556084 0.417865 0.004399 0.009134
3 0.556084 0.343067 0.004399 0.009584
3 0.400248 0.342992 0.004328 0.009134
3 0.400248 0.417790 0.004328 0.008985
3 0.411174 0.471548 0.004328 0.008985
3 0.389393 0.471473 0.004328 0.009134
3 0.259312 0.471473 0.004399 0.009434
3 0.237496 0.471473 0.004328 0.009434
3 0.248386 0.417865 0.004399 0.009134
3 0.248386 0.343067 0.004399 0.009284