3 0.757042 0.532345 0.004328 0.008985
3 0.766797 0.459194 0.004257 0.008835
3 0.729088 0.598907 0.004328 0.009134
3 0.736360 0.563567 0.004399 0.009134
3 0.740546 0.518119 0.004399 0.008985
3 0.718801 0.494534 0.004186 0.009134
3 0.707946 0.439203 0.004328 0.008985
3 0.686733 0.598832 0.004186 0.008985
3 0.679461 0.563567 0.004257 0.008835
3 0.675275 0.518194 0.004257 0.009134
3 0.697056 0.494534 0.004257 0.009134
3 0.658815 0.497829 0.004257 0.009134
3 0.648173 0.535265 0.004257 0.009134
3 0.615786 0.535190 0.004186 0.008985
3 0.605179 0.497829 0.004257 0.009134
3 0.588648 0.518119 0.004257 0.008985
3 0.577226 0.598832 0.004257 0.008985
3 0.584463 0.563417 0.004257 0.008835
3 0.566903 0.494609 0.004186 0.008985
3 0.545158 0.494534 0.004257 0.008835
3 0.556084 0.439203 0.004257 0.008985
3 0.534800 0.598832 0.004257 0.008985
3 0.527634 0.563492 0.004257 0.008985
3 0.523413 0.518194 0.004328 0.009134
3 0.506846 0.532270 0.004399 0.009134
3 0.497091 0.459119 0.004186 0.008985
3 0.449450 0.532345 0.004257 0.008985
3 0.459241 0.459194 0.004257 0.009134
3 0.421462 0.598907 0.004328 0.009134
3 0.428734 0.563492 0.004399 0.008985
3 0.432919 0.518194 0.004257 0.009134
3 0.400248 0.439128 0.004328 0.009134
3 0.379035 0.598982 0.004328 0.009284
3 0.371834 0.563417 0.004257 0.009134
3 0.411139 0.494459 0.004115 0.008985
3 0.389358 0.494459 0.004257 0.008985
3 0.367577 0.518269 0.004257 0.009284
3 0.351082 0.497754 0.004328 0.009284
3 0.340511 0.535340 0.004328 0.009284
3 0.308159 0.535340 0.004328 0.009284
3 0.297481 0.497904 0.004399 0.009284
3 0.269564 0.598907 0.004328 0.009134
3 0.276907 0.563567 0.004541 0.009134
3 0.281022 0.518194 0.004399 0.009134
3 0.259241 0.494684 0.004399 0.009134
3 0.237425 0.494459 0.004470 0.009284
3 0.248350 0.439128 0.004328 0.009134
3 0.227102 0.598832 0.004399 0.008685
3 0.219901 0.563567 0.004470 0.009434
3 0.215715 0.518269 0.004470 0.008985
3 0.199255 0.532345 0.004328 0.009284
3 0.189429 0.459119 0.004257 0.009284