3 0.248528 0.325172 0.004257 0.009134
3 0.718801 0.472672 0.004328 0.009134
3 0.697056 0.472597 0.004257 0.009284
3 0.707946 0.419063 0.004328 0.009134
3 0.707804 0.325172 0.004328 0.009134
3 0.566974 0.472746 0.004186 0.008985
3 0.545158 0.472746 0.004115 0.008985
3 0.556084 0.418988 0.004257 0.008985
3 0.556119 0.325097 0.004328 0.008985
3 0.411139 0.472672 0.004399 0.009134
3 0.389358 0.472597 0.004257 0.008985
3 0.400319 0.418913 0.004186 0.009134
3 0.400177 0.325247 0.004328 0.008985
3 0.259276 0.472746 0.004328 0.008985
3 0.237531 0.472671 0.004257 0.008835
3 0.248350 0.418988 0.004328 0.008985