0 0.646119 0.646676 0.006478 0.009134
0 0.687162 0.628706 0.006584 0.009134
0 0.696825 0.586927 0.006371 0.009134
0 0.696772 0.535115 0.006478 0.009134
0 0.697250 0.488320 0.006371 0.009284
0 0.647924 0.455076 0.006478 0.009284
0 0.615217 0.646601 0.006478 0.009284
0 0.582776 0.646676 0.006796 0.009134
0 0.551874 0.646601 0.006371 0.009284
0 0.510778 0.628781 0.006584 0.009284
0 0.501274 0.586777 0.006690 0.009134
0 0.550228 0.455151 0.006478 0.008835
0 0.501274 0.491015 0.006478 0.008985
0 0.510513 0.460916 0.006265 0.008985
0 0.459913 0.628631 0.006371 0.009284
0 0.469470 0.586927 0.006371 0.008835
0 0.469470 0.491015 0.006584 0.008985
0 0.460338 0.460842 0.006371 0.009134
0 0.420569 0.454927 0.006265 0.008985
0 0.355421 0.646601 0.006371 0.008985
0 0.387969 0.646601 0.006478 0.008985
0 0.418870 0.646601 0.006478 0.008985
0 0.324413 0.646601 0.006371 0.008985
0 0.283477 0.628706 0.006478 0.009134
0 0.273919 0.586927 0.006478 0.009134
0 0.273919 0.535265 0.006478 0.009134
0 0.322874 0.455002 0.006265 0.009134
0 0.273495 0.488170 0.006265 0.008985