0 0.687215 0.606843 0.006478 0.009434
0 0.696878 0.565064 0.006478 0.009134
0 0.696825 0.513402 0.006371 0.009134
0 0.697143 0.466307 0.006371 0.009284
0 0.647924 0.433214 0.006478 0.009284
0 0.615323 0.624813 0.006265 0.009134
0 0.582723 0.624813 0.006478 0.009134
0 0.550069 0.433288 0.006584 0.009134
0 0.510354 0.439054 0.006584 0.009284
0 0.501168 0.469227 0.006478 0.009134
0 0.501327 0.564990 0.006371 0.008985
0 0.510831 0.606843 0.006478 0.009434
0 0.469523 0.469152 0.006478 0.008985
0 0.460285 0.439128 0.006478 0.009134
0 0.420622 0.433214 0.006371 0.008985
0 0.418870 0.624663 0.006478 0.009134
0 0.388075 0.624813 0.006478 0.009134
0 0.355315 0.624738 0.006584 0.008985
0 0.324466 0.624813 0.006478 0.009434
0 0.283477 0.606918 0.006690 0.009284
0 0.273919 0.565064 0.006478 0.009134
0 0.273866 0.513327 0.006584 0.008985
0 0.273442 0.466382 0.006584 0.009134
0 0.322874 0.433363 0.006478 0.009284