0 0.403419 0.642483 0.006371 0.008835
0 0.403419 0.595837 0.006371 0.009284
0 0.460285 0.588050 0.006478 0.009284
0 0.413454 0.542603 0.006478 0.009134
0 0.445259 0.520440 0.006371 0.009134
0 0.420569 0.485624 0.006478 0.008985
0 0.460338 0.447963 0.006584 0.009134
0 0.339917 0.642483 0.006371 0.008835
0 0.339917 0.595837 0.006371 0.008985
0 0.283052 0.588200 0.006478 0.008985
0 0.329935 0.542528 0.006584 0.008985
0 0.298025 0.520440 0.006690 0.009134
0 0.322820 0.485624 0.006371 0.008985
0 0.283052 0.448038 0.006478 0.008985
3 0.615323 0.471473 0.006265 0.009134
3 0.582670 0.471548 0.006371 0.008985
3 0.599023 0.417790 0.006371 0.008985
3 0.599076 0.343067 0.006478 0.008985
3 0.387862 0.471473 0.006478 0.009134
3 0.355421 0.471548 0.006371 0.009284
3 0.371615 0.417940 0.006478 0.008985
3 0.371668 0.343217 0.006371 0.009284