3 0.647977 0.518194 0.006371 0.009134
3 0.672560 0.532270 0.006478 0.009434
3 0.676065 0.474918 0.006478 0.009434
3 0.598970 0.439128 0.006478 0.009134
3 0.641606 0.563567 0.006371 0.009134
3 0.630774 0.598907 0.006371 0.009434
3 0.567272 0.598982 0.006371 0.008985
3 0.556440 0.563492 0.006584 0.009284
3 0.615270 0.494459 0.006584 0.009284
3 0.582776 0.494609 0.006584 0.009284
3 0.550122 0.518194 0.006265 0.009134
3 0.525539 0.497904 0.006584 0.008985
3 0.509504 0.535190 0.006371 0.009284
3 0.461187 0.535265 0.006371 0.009134
3 0.403419 0.598757 0.006371 0.009134
3 0.414357 0.563567 0.006371 0.009134
3 0.445152 0.497904 0.006371 0.008985
3 0.420516 0.518119 0.006371 0.008985
3 0.387969 0.494534 0.006478 0.009134
3 0.371721 0.439203 0.006265 0.008985
3 0.355368 0.494534 0.006478 0.009134
3 0.339864 0.598907 0.006478 0.009134
3 0.329139 0.563567 0.006478 0.009134
3 0.322820 0.518119 0.006584 0.008985
3 0.298184 0.532345 0.006371 0.008985
3 0.294627 0.474918 0.006265 0.009134