26 0.460601 0.253625 0.011783 0.005782
26 0.497054 0.246891 0.011797 0.005681
26 0.460568 0.272434 0.011778 0.005700
26 0.460614 0.297762 0.011721 0.005650
26 0.497060 0.297763 0.011849 0.005888
26 0.497110 0.272434 0.011845 0.005890
26 0.523723 0.254964 0.011851 0.005818
26 0.545450 0.254912 0.011900 0.005875
26 0.567096 0.254876 0.011932 0.005830
26 0.567071 0.292085 0.011940 0.005924
26 0.545386 0.291941 0.011823 0.005717
26 0.523736 0.292041 0.011859 0.005759
26 0.590375 0.254935 0.011912 0.005791
26 0.611985 0.255064 0.011958 0.005869
26 0.633722 0.254932 0.011906 0.005638
26 0.633688 0.292023 0.011852 0.005698
26 0.612023 0.292004 0.011880 0.005737
26 0.590350 0.292011 0.011958 0.005720
26 0.656912 0.292083 0.011825 0.005795
26 0.656913 0.255005 0.011860 0.005799
26 0.678591 0.254948 0.011732 0.005659
26 0.678628 0.292051 0.011960 0.005723
26 0.700281 0.292107 0.012008 0.005851
26 0.700266 0.255034 0.011829 0.005826
26 0.462089 0.403484 0.011767 0.005572
26 0.496343 0.403438 0.011844 0.005945
26 0.462183 0.448590 0.011994 0.005845
26 0.495505 0.448420 0.011815 0.005875
26 0.462200 0.487330 0.011800 0.005946
26 0.495492 0.487220 0.011764 0.005655
26 0.528754 0.448483 0.011927 0.005742
26 0.562071 0.448481 0.011748 0.005744
26 0.528698 0.487168 0.012033 0.005957
26 0.562064 0.487307 0.011801 0.005928
26 0.595347 0.487194 0.011752 0.005899
26 0.595383 0.448461 0.011780 0.005820
26 0.628656 0.448412 0.011871 0.005684
26 0.628685 0.487230 0.011793 0.005800
26 0.392555 0.448466 0.011802 0.005904
26 0.430588 0.448466 0.011788 0.005825
26 0.392584 0.487201 0.011821 0.005758
26 0.430628 0.487170 0.011833 0.005933
26 0.343358 0.610583 0.011864 0.005755
26 0.343274 0.644603 0.011989 0.005960
26 0.343303 0.678637 0.011801 0.005826
26 0.343287 0.712587 0.011864 0.005630
26 0.395004 0.787549 0.011883 0.005871
26 0.394968 0.756151 0.011666 0.005749
26 0.394989 0.724669 0.011741 0.005933
26 0.395008 0.693286 0.011763 0.005964
26 0.394969 0.661833 0.011751 0.005904
26 0.394953 0.630438 0.011733 0.005835
26 0.428724 0.630483 0.011897 0.005860
26 0.428640 0.661704 0.011873 0.005646
26 0.428682 0.693386 0.011763 0.005809
26 0.428686 0.724729 0.011915 0.005673
26 0.428615 0.756119 0.011827 0.005688
26 0.428650 0.787466 0.011938 0.005820
26 0.461614 0.787621 0.011926 0.005759
26 0.461565 0.756154 0.011843 0.005861
26 0.461562 0.724683 0.011775 0.005733
26 0.461575 0.693345 0.011805 0.005895
26 0.461556 0.661843 0.011827 0.005893
26 0.461612 0.630360 0.011910 0.005821
26 0.462161 0.600100 0.011764 0.006007
26 0.428877 0.600110 0.012008 0.005856
26 0.395606 0.600015 0.011880 0.005775
26 0.395582 0.570655 0.011816 0.005768
26 0.395540 0.541990 0.011936 0.006006
26 0.428902 0.541941 0.011775 0.005788
26 0.462216 0.541973 0.011826 0.005864
26 0.495476 0.542017 0.011800 0.005888
26 0.428876 0.570645 0.011791 0.005621
26 0.462179 0.570730 0.011792 0.005778
26 0.495462 0.570661 0.011874 0.005801
26 0.495470 0.600112 0.011754 0.005830
26 0.495296 0.630470 0.011859 0.005876
26 0.495176 0.661857 0.011747 0.005942
26 0.495310 0.693248 0.011821 0.005938
26 0.495284 0.724719 0.011821 0.005830
26 0.495287 0.756096 0.011823 0.005883
26 0.495243 0.787504 0.011738 0.005929
26 0.528217 0.787590 0.011774 0.005948
26 0.528224 0.756209 0.011829 0.005942
26 0.528199 0.724811 0.011929 0.005843
26 0.528190 0.693270 0.011891 0.005818
26 0.528204 0.661822 0.011780 0.005736
26 0.528187 0.630421 0.011774 0.005853
26 0.528778 0.600083 0.011729 0.005883
26 0.528776 0.570741 0.011821 0.005772
26 0.528760 0.541927 0.011858 0.005713
26 0.562107 0.541942 0.011803 0.005889
26 0.562074 0.570632 0.011828 0.005807
26 0.562089 0.600039 0.011822 0.005813
26 0.561899 0.630446 0.011851 0.005765
26 0.561874 0.661848 0.011855 0.005954
26 0.561908 0.693249 0.011858 0.005810
26 0.561889 0.724729 0.011872 0.005892
26 0.561885 0.756175 0.011812 0.005842
26 0.561891 0.787664 0.011926 0.006020
26 0.594821 0.787624 0.011892 0.005942
26 0.594794 0.756229 0.011882 0.005892
26 0.594781 0.724686 0.011868 0.005921
26 0.594787 0.693388 0.011898 0.006030
26 0.594837 0.661827 0.011872 0.005703
26 0.594824 0.630425 0.011911 0.005897
26 0.595411 0.600057 0.011845 0.005741
26 0.595350 0.570711 0.011800 0.005910
26 0.595370 0.542037 0.011802 0.005904
26 0.628666 0.541977 0.011716 0.005827
26 0.628687 0.570714 0.011757 0.006020
26 0.628726 0.600027 0.011851 0.005791
26 0.628484 0.630405 0.011871 0.005842
26 0.628471 0.661904 0.011825 0.005924
26 0.628465 0.693356 0.011821 0.006010
26 0.628425 0.724680 0.011780 0.005795
26 0.628478 0.756135 0.011841 0.005935
26 0.625506 0.787596 0.011774 0.005853
23 0.629702 0.818421 0.011772 0.004014
23 0.596988 0.818418 0.011775 0.003787
23 0.564245 0.818461 0.011813 0.003948
23 0.531499 0.818452 0.011727 0.003942
23 0.498755 0.818497 0.011864 0.003915
23 0.466061 0.818430 0.011847 0.003849
23 0.433298 0.818495 0.011873 0.004008
23 0.400601 0.818393 0.011972 0.003832
23 0.331513 0.816169 0.011758 0.003952