26 0.495612 0.458730 0.011859 0.005876
26 0.495722 0.483363 0.011923 0.005852
26 0.531889 0.510290 0.011689 0.006047
26 0.531822 0.477523 0.011766 0.005890
26 0.531890 0.444834 0.011843 0.005904
26 0.564288 0.444751 0.011875 0.005840
26 0.564344 0.477492 0.011965 0.005726
26 0.564317 0.510316 0.011832 0.005849
26 0.596749 0.510267 0.011811 0.005987
26 0.596759 0.477545 0.011756 0.005813
26 0.596761 0.444736 0.011758 0.005887
26 0.629168 0.444721 0.011797 0.005678
26 0.629114 0.477563 0.011927 0.005822
26 0.629132 0.510215 0.011972 0.005802
26 0.678877 0.359153 0.011830 0.005639
26 0.703311 0.359406 0.011949 0.005807
26 0.678919 0.400428 0.011864 0.005697
26 0.703362 0.400538 0.011906 0.006029
23 0.637623 0.389971 0.011876 0.003841
26 0.693258 0.291506 0.011773 0.005842
26 0.693206 0.255485 0.011903 0.005826
26 0.665352 0.255557 0.011903 0.005777
26 0.665345 0.291445 0.011856 0.005720
26 0.639546 0.291423 0.011842 0.005738
26 0.639525 0.255517 0.011693 0.005865
26 0.612575 0.255205 0.011844 0.005771
26 0.612546 0.285286 0.011847 0.005774
26 0.590017 0.299778 0.011957 0.005413
26 0.589995 0.255262 0.011883 0.006012
26 0.567431 0.255292 0.011883 0.005830
26 0.567432 0.299932 0.011777 0.005758
26 0.544832 0.300016 0.011893 0.005826
26 0.544839 0.255194 0.011884 0.005898
26 0.438427 0.685371 0.011870 0.005530
26 0.438404 0.638320 0.011897 0.006219
26 0.438272 0.600407 0.011884 0.005780
26 0.438304 0.571701 0.011879 0.005736
26 0.462216 0.571754 0.011898 0.005964
26 0.462120 0.600459 0.011806 0.005816
26 0.462229 0.638283 0.011879 0.005938
26 0.462172 0.685508 0.011859 0.006050
26 0.462172 0.726396 0.011930 0.005949
26 0.495477 0.726962 0.011766 0.005773
26 0.495459 0.685416 0.011799 0.005755
26 0.495494 0.638331 0.011744 0.005847
26 0.495456 0.600377 0.011817 0.005835
26 0.495448 0.571731 0.011814 0.005847
26 0.528809 0.571724 0.011756 0.006000
26 0.528820 0.600443 0.011853 0.005861
26 0.528792 0.638316 0.011839 0.005945
26 0.528805 0.685362 0.011765 0.005623
26 0.528836 0.727009 0.011827 0.005792
26 0.562105 0.726965 0.011805 0.005830
26 0.562104 0.685507 0.011869 0.005906
26 0.562097 0.638252 0.011825 0.005838
26 0.562065 0.600442 0.011747 0.005908
26 0.562080 0.571734 0.011709 0.005817
26 0.595381 0.571654 0.011832 0.005690
26 0.595383 0.600340 0.011785 0.005892
26 0.595376 0.638288 0.011943 0.005895
26 0.595472 0.685474 0.011898 0.006088
26 0.595413 0.731162 0.011821 0.005919
26 0.595427 0.775442 0.011881 0.005800
26 0.625513 0.775501 0.011846 0.005805
26 0.628623 0.731205 0.011802 0.005711
26 0.628717 0.685446 0.011809 0.005892
26 0.628692 0.638287 0.011807 0.005799
26 0.628640 0.600391 0.011752 0.005790
26 0.628708 0.571747 0.011889 0.005859
24 0.718729 0.565738 0.005143 0.007249
24 0.722623 0.515963 0.004918 0.007453
24 0.722504 0.429312 0.005144 0.007400
24 0.718716 0.382891 0.005058 0.007537