2 0.184757 0.271540 0.003190 0.004531
2 0.184744 0.284843 0.003071 0.004480
2 0.229987 0.271516 0.003128 0.004509
2 0.229996 0.284844 0.003171 0.004438
2 0.343955 0.271509 0.003179 0.004550
2 0.343960 0.284848 0.003132 0.004495
2 0.356548 0.284844 0.003180 0.004490
2 0.356505 0.271477 0.003142 0.004495
2 0.400940 0.271462 0.003120 0.004465
2 0.400911 0.284833 0.003240 0.004428
2 0.506968 0.242520 0.003611 0.005079
2 0.506955 0.199894 0.003620 0.005004
2 0.641484 0.330358 0.003141 0.004559
2 0.641449 0.343708 0.003165 0.004469
2 0.628893 0.343732 0.003185 0.004533
2 0.628881 0.330346 0.003139 0.004508
2 0.584482 0.330383 0.003210 0.004494
2 0.584462 0.343709 0.003173 0.004416
2 0.571900 0.330330 0.003161 0.004434
2 0.571869 0.343675 0.003150 0.004531
2 0.527480 0.330348 0.003193 0.004463
2 0.527443 0.343713 0.003165 0.004570
2 0.514934 0.330304 0.003145 0.004468
2 0.514887 0.343694 0.003135 0.004427
2 0.470497 0.330419 0.003193 0.004509
2 0.470484 0.343730 0.003192 0.004544
2 0.457951 0.343692 0.003112 0.004455
2 0.457948 0.330304 0.003146 0.004425
2 0.400949 0.330357 0.003125 0.004391
2 0.413503 0.330314 0.003153 0.004414
2 0.413509 0.343706 0.003144 0.004503
2 0.400958 0.343672 0.003109 0.004520
2 0.356493 0.330348 0.003174 0.004581
2 0.356528 0.343718 0.003115 0.004431
2 0.344001 0.343710 0.003179 0.004509
2 0.343960 0.330319 0.003204 0.004408
2 0.299555 0.330350 0.003223 0.004447
2 0.299540 0.343749 0.003179 0.004489
2 0.286990 0.343738 0.003159 0.004542
2 0.286989 0.330379 0.003193 0.004535
2 0.223919 0.427393 0.003141 0.004485
2 0.233368 0.427380 0.003124 0.004509
2 0.223915 0.462341 0.003177 0.004470
2 0.233320 0.462345 0.003265 0.004484
2 0.193070 0.540717 0.003681 0.005122
2 0.222434 0.540759 0.003600 0.005194
25 0.435694 0.213966 0.004433 0.003078
25 0.568526 0.267600 0.004505 0.003115
25 0.574920 0.204133 0.002206 0.006317
25 0.633347 0.250641 0.002211 0.006378
25 0.652309 0.295412 0.004459 0.003125
25 0.208907 0.612323 0.002184 0.006381
25 0.251350 0.598651 0.004510 0.003109
25 0.205542 0.692820 0.002174 0.006245
34 0.250578 0.203018 0.002527 0.006404
34 0.435618 0.188993 0.002434 0.006391
34 0.440731 0.307665 0.002404 0.006395
34 0.568775 0.307714 0.002443 0.006354
34 0.591389 0.209948 0.002451 0.006494
34 0.250039 0.736843 0.004649 0.003520
34 0.250873 0.640739 0.004579 0.003521
34 0.652336 0.307738 0.002466 0.006511
34 0.652739 0.216831 0.002365 0.006427