8 0.180106 0.273875 0.003124 0.004600
8 0.233799 0.284819 0.003085 0.004540
8 0.352717 0.284847 0.003139 0.004547
8 0.404764 0.284809 0.003161 0.004509
8 0.637700 0.330380 0.003070 0.004576
8 0.632635 0.330371 0.003083 0.004558
8 0.575691 0.330404 0.003060 0.004611
8 0.580687 0.330379 0.003069 0.004682
8 0.518698 0.330386 0.003096 0.004540
8 0.523667 0.330379 0.003106 0.004525
8 0.461733 0.330348 0.003085 0.004586
8 0.466752 0.330340 0.003063 0.004663
8 0.404714 0.330342 0.003136 0.004518
8 0.409727 0.330309 0.003089 0.004719
8 0.347731 0.330382 0.003106 0.004532
8 0.352753 0.330422 0.003083 0.004614
8 0.290747 0.330364 0.003014 0.004567
8 0.295783 0.330343 0.003058 0.004650
8 0.226544 0.436610 0.003238 0.004363
8 0.226555 0.454341 0.003222 0.004439