38 0.205303 0.180460 0.003165 0.004655
38 0.210295 0.180409 0.003105 0.004621
38 0.267248 0.180416 0.003092 0.004462
38 0.376200 0.180370 0.003065 0.004620
38 0.381233 0.180472 0.003148 0.004533
38 0.637612 0.434163 0.003142 0.004531
38 0.609132 0.434788 0.003145 0.004471
38 0.604175 0.434803 0.003145 0.004559
38 0.547168 0.434785 0.003121 0.004461
38 0.552198 0.434785 0.003092 0.004650
38 0.490213 0.434776 0.003134 0.004527
38 0.495197 0.434776 0.003031 0.004527
38 0.433241 0.434814 0.003121 0.004476
38 0.438196 0.434800 0.003052 0.004476
38 0.376213 0.434807 0.003141 0.004518
38 0.381212 0.434779 0.003121 0.004545
38 0.319267 0.434812 0.003154 0.004489
38 0.324239 0.434816 0.003108 0.004539
38 0.267147 0.434799 0.003305 0.004519
38 0.179728 0.399910 0.003188 0.004343
38 0.179747 0.489857 0.003200 0.004355