2 0.185845 0.264136 0.003107 0.004645
2 0.229788 0.264095 0.003113 0.004421
2 0.242778 0.264087 0.003075 0.004431
2 0.286761 0.264135 0.003184 0.004518
2 0.299737 0.264116 0.003237 0.004469
2 0.343767 0.264091 0.003152 0.004504
2 0.356752 0.264139 0.003212 0.004600
2 0.400757 0.264129 0.003106 0.004499
2 0.413736 0.264095 0.003137 0.004450
2 0.457718 0.264118 0.003189 0.004469
2 0.470685 0.264088 0.003191 0.004471
2 0.514687 0.264160 0.003146 0.004543
2 0.628644 0.264136 0.003147 0.004466
2 0.641648 0.264145 0.003123 0.004588
2 0.628627 0.327386 0.003180 0.004562
2 0.641667 0.327441 0.003205 0.004545
2 0.584663 0.327423 0.003174 0.004521
2 0.571713 0.327475 0.003116 0.004692
2 0.514683 0.327386 0.003154 0.004605
2 0.527702 0.327403 0.003137 0.004529
2 0.470687 0.327421 0.003255 0.004528
2 0.457712 0.327404 0.003267 0.004427
2 0.413712 0.327343 0.003128 0.004549
2 0.400725 0.327460 0.003175 0.004527
2 0.343756 0.327415 0.003209 0.004531
2 0.356748 0.327424 0.003260 0.004641
2 0.299785 0.327426 0.003259 0.004509
2 0.286774 0.327443 0.003150 0.004601
2 0.226029 0.353457 0.003175 0.004558
2 0.226019 0.415565 0.003220 0.004437
2 0.226001 0.450469 0.003203 0.004489
2 0.226025 0.517928 0.003186 0.004393
2 0.226035 0.580077 0.003198 0.004516
2 0.226028 0.678855 0.003260 0.004536
2 0.225989 0.740942 0.003164 0.004447
2 0.226009 0.761686 0.003193 0.004530
2 0.225998 0.830897 0.003255 0.004483