9 0.189892 0.251715 0.003295 0.004603
8 0.180120 0.258941 0.003136 0.004699
9 0.204645 0.277580 0.003264 0.004695
9 0.210957 0.277425 0.003241 0.004475
9 0.225762 0.251766 0.003182 0.004466
9 0.246866 0.251726 0.003331 0.004531
8 0.233784 0.258946 0.003179 0.004611
8 0.238768 0.258997 0.003107 0.004590
9 0.261625 0.277546 0.003301 0.004695
9 0.267909 0.277597 0.003227 0.004695
9 0.282628 0.251745 0.003354 0.004540
9 0.303852 0.251683 0.003364 0.004471
8 0.290867 0.258913 0.003324 0.004632
8 0.295650 0.258980 0.003316 0.004613
9 0.318596 0.277596 0.003221 0.004747
9 0.324878 0.277619 0.003269 0.004749
8 0.347825 0.258891 0.003373 0.004475
8 0.352660 0.258991 0.003330 0.004632
9 0.339629 0.251732 0.003274 0.004636
9 0.360824 0.251742 0.003331 0.004562
9 0.375572 0.277605 0.003287 0.004739
9 0.381860 0.277587 0.003282 0.004802
9 0.396628 0.251754 0.003363 0.004617
8 0.404809 0.258901 0.003365 0.004533
8 0.409603 0.258865 0.003326 0.004697
9 0.417829 0.251723 0.003354 0.004500
9 0.432553 0.277551 0.003264 0.004807
9 0.438867 0.277615 0.003271 0.004643
9 0.453544 0.251724 0.003370 0.004620
9 0.474805 0.251744 0.003370 0.004581
8 0.461821 0.258910 0.003350 0.004539
8 0.466603 0.258949 0.003311 0.004506
9 0.489573 0.277555 0.003209 0.004669
9 0.495835 0.277606 0.003281 0.004704
8 0.518802 0.258946 0.003342 0.004563
9 0.510621 0.251764 0.003300 0.004501
9 0.609777 0.277490 0.003240 0.004379
9 0.624652 0.251759 0.003081 0.004497
9 0.645665 0.251742 0.003091 0.004480
8 0.632646 0.258956 0.003096 0.004589
8 0.637669 0.258954 0.003062 0.004628
9 0.662197 0.277434 0.003205 0.004340
8 0.632649 0.332547 0.003092 0.004528
8 0.637666 0.332640 0.003053 0.004523
9 0.624552 0.339812 0.003339 0.004507
9 0.645654 0.339832 0.003144 0.004530
9 0.662164 0.314041 0.003254 0.004459
9 0.603509 0.313971 0.003264 0.004716
9 0.609803 0.313938 0.003238 0.004715
9 0.567565 0.339842 0.003313 0.004494
9 0.588779 0.339828 0.003294 0.004611
8 0.580554 0.332582 0.003344 0.004409
8 0.575771 0.332566 0.003267 0.004534
9 0.546517 0.313958 0.003350 0.004692
9 0.552815 0.313951 0.003262 0.004689
8 0.518784 0.332612 0.003274 0.004642
8 0.523573 0.332627 0.003287 0.004571
9 0.510565 0.339814 0.003270 0.004618
9 0.531754 0.339778 0.003289 0.004560
9 0.489537 0.313989 0.003274 0.004679
9 0.495850 0.313951 0.003242 0.004703
8 0.461830 0.332607 0.003308 0.004491
8 0.466605 0.332626 0.003324 0.004577
9 0.453622 0.339827 0.003245 0.004524
9 0.474792 0.339836 0.003337 0.004570
9 0.432568 0.313978 0.003277 0.004654
9 0.438894 0.313950 0.003247 0.004706
8 0.404828 0.332594 0.003355 0.004570
8 0.409592 0.332600 0.003277 0.004610
9 0.396658 0.339844 0.003287 0.004533
9 0.417817 0.339828 0.003314 0.004571
9 0.375579 0.313953 0.003377 0.004615
9 0.381888 0.313970 0.003214 0.004646
8 0.347850 0.332556 0.003316 0.004456
8 0.352656 0.332669 0.003272 0.004559
9 0.339659 0.339815 0.003254 0.004580
9 0.360836 0.339800 0.003328 0.004525
9 0.318638 0.313943 0.003196 0.004697
9 0.324886 0.313961 0.003250 0.004662
8 0.290866 0.332557 0.003274 0.004495
8 0.295665 0.332662 0.003334 0.004594
9 0.282690 0.339867 0.003261 0.004552
9 0.303860 0.339813 0.003337 0.004548
9 0.267932 0.313910 0.003297 0.004655
8 0.222719 0.344255 0.003215 0.004385
9 0.217126 0.359126 0.003175 0.004389
9 0.235475 0.380081 0.003131 0.004601
9 0.235467 0.388955 0.003141 0.004488
8 0.222723 0.424729 0.003167 0.004343
9 0.217157 0.409918 0.003252 0.004304
8 0.222713 0.442479 0.003267 0.004360
9 0.217120 0.456152 0.003228 0.004392
9 0.235472 0.477075 0.003120 0.004559
9 0.217172 0.523593 0.003181 0.004290
8 0.222723 0.512308 0.003199 0.004329
9 0.235453 0.544553 0.003110 0.004543
9 0.235453 0.553438 0.003105 0.004512
9 0.217148 0.574408 0.003248 0.004355
8 0.222679 0.585727 0.003177 0.004314
8 0.222729 0.673214 0.003222 0.004379
9 0.217123 0.684502 0.003198 0.004324
9 0.235442 0.705461 0.003067 0.004649
9 0.235470 0.714346 0.003098 0.004543
9 0.217171 0.735316 0.003238 0.004342
8 0.222715 0.746641 0.003179 0.004321
8 0.222698 0.753658 0.003277 0.004408
9 0.217130 0.767340 0.003252 0.004386
9 0.235458 0.795397 0.003060 0.004676
9 0.235464 0.804210 0.003113 0.004580
9 0.217124 0.825701 0.003188 0.004799
8 0.222690 0.837131 0.003265 0.004332