2 0.185785 0.264133 0.003093 0.004422
2 0.229782 0.264140 0.003167 0.004506
2 0.242778 0.264123 0.003191 0.004540
2 0.286766 0.264121 0.003134 0.004467
2 0.299770 0.264166 0.003130 0.004523
2 0.343761 0.264150 0.003118 0.004605
2 0.356714 0.264146 0.003149 0.004520
2 0.400725 0.264126 0.003205 0.004509
2 0.413713 0.264163 0.003121 0.004545
2 0.457720 0.264124 0.003163 0.004538
2 0.470704 0.264159 0.003173 0.004546
2 0.514681 0.264092 0.003157 0.004442
2 0.628685 0.264115 0.003137 0.004569
2 0.641631 0.264115 0.003166 0.004487
2 0.226017 0.353396 0.003178 0.004518
2 0.225997 0.415566 0.003238 0.004572
2 0.226038 0.450488 0.003168 0.004451
2 0.226019 0.517895 0.003147 0.004466
2 0.226030 0.580006 0.003152 0.004429
2 0.226034 0.678845 0.003209 0.004531
2 0.226033 0.740970 0.003216 0.004461
2 0.226011 0.761678 0.003224 0.004466
2 0.226025 0.830923 0.003200 0.004404
2 0.286788 0.327403 0.003147 0.004530
2 0.299740 0.327416 0.003144 0.004483
2 0.343759 0.327455 0.003129 0.004516
2 0.356730 0.327427 0.003189 0.004518
2 0.400781 0.327436 0.003118 0.004531
2 0.413702 0.327465 0.003189 0.004564
2 0.457728 0.327420 0.003164 0.004468
2 0.470703 0.327419 0.003154 0.004592
2 0.514668 0.327419 0.003204 0.004494
2 0.527692 0.327438 0.003212 0.004535
2 0.571688 0.327416 0.003096 0.004454
2 0.584646 0.327408 0.003247 0.004470
2 0.628676 0.327423 0.003136 0.004496
2 0.641662 0.327447 0.003094 0.004519
25 0.568536 0.214200 0.004505 0.003000
25 0.568540 0.255766 0.004522 0.003026
25 0.212586 0.600461 0.002172 0.006258
25 0.239765 0.600447 0.002287 0.006338