9 0.189859 0.251729 0.003377 0.004444
8 0.180113 0.258943 0.003124 0.004503
9 0.204655 0.277587 0.003250 0.004679
9 0.210921 0.277441 0.003213 0.004400
9 0.225762 0.251726 0.003099 0.004521
9 0.246773 0.251699 0.003138 0.004561
8 0.233790 0.258957 0.003153 0.004536
8 0.238780 0.258961 0.003129 0.004532
9 0.261637 0.277425 0.003199 0.004324
9 0.267900 0.277581 0.003271 0.004815
9 0.282683 0.251771 0.003267 0.004529
9 0.303840 0.251730 0.003348 0.004618
8 0.290872 0.258918 0.003326 0.004591
8 0.295658 0.258956 0.003314 0.004501
9 0.318600 0.277616 0.003176 0.004687
9 0.324875 0.277601 0.003236 0.004653
9 0.339646 0.251754 0.003321 0.004497
9 0.360823 0.251697 0.003301 0.004489
8 0.347850 0.258925 0.003302 0.004535
8 0.352651 0.258942 0.003402 0.004579
9 0.375579 0.277580 0.003200 0.004714
9 0.381867 0.277559 0.003236 0.004735
9 0.396644 0.251776 0.003277 0.004587
9 0.417834 0.251705 0.003294 0.004509
8 0.404845 0.258933 0.003361 0.004526
8 0.409623 0.258965 0.003323 0.004535
9 0.432545 0.277589 0.003231 0.004630
9 0.438834 0.277614 0.003291 0.004673
9 0.453580 0.251756 0.003294 0.004544
9 0.474816 0.251711 0.003339 0.004531
8 0.461806 0.258926 0.003426 0.004527
8 0.466579 0.258948 0.003320 0.004553
9 0.489538 0.277574 0.003174 0.004660
9 0.495829 0.277563 0.003230 0.004740
9 0.510599 0.251714 0.003233 0.004495
8 0.518790 0.258903 0.003301 0.004467
9 0.609806 0.277595 0.003169 0.004729
9 0.624539 0.251736 0.003248 0.004587
9 0.645646 0.251710 0.003119 0.004479
8 0.632719 0.258921 0.003366 0.004486
8 0.637536 0.258910 0.003296 0.004546
9 0.662181 0.277504 0.003235 0.004450
9 0.662194 0.314115 0.003216 0.004361
9 0.645650 0.339859 0.003075 0.004551
9 0.624504 0.339791 0.003272 0.004603
8 0.632628 0.332667 0.003027 0.004618
8 0.637636 0.332739 0.003128 0.004704
9 0.603575 0.313958 0.003274 0.004687
9 0.609764 0.313969 0.003214 0.004623
9 0.567527 0.339853 0.003341 0.004509
9 0.588749 0.339777 0.003235 0.004458
8 0.575763 0.332589 0.003287 0.004593
8 0.580556 0.332597 0.003252 0.004448
9 0.546528 0.313960 0.003300 0.004710
9 0.552813 0.313958 0.003223 0.004677
9 0.510588 0.339868 0.003218 0.004605
9 0.531785 0.339825 0.003224 0.004570
8 0.518780 0.332632 0.003284 0.004576
8 0.523578 0.332591 0.003322 0.004472
9 0.489529 0.313922 0.003245 0.004624
9 0.495837 0.313950 0.003259 0.004734
8 0.461788 0.332563 0.003297 0.004614
8 0.466585 0.332605 0.003312 0.004572
9 0.453601 0.339860 0.003268 0.004559
9 0.474797 0.339814 0.003278 0.004485
9 0.432550 0.313950 0.003234 0.004610
9 0.438824 0.313961 0.003249 0.004675
8 0.404827 0.332579 0.003352 0.004524
8 0.409627 0.332569 0.003352 0.004430
9 0.396611 0.339811 0.003278 0.004490
9 0.417796 0.339819 0.003349 0.004518
9 0.375591 0.313932 0.003287 0.004725
9 0.381871 0.313944 0.003271 0.004736
9 0.339626 0.339853 0.003288 0.004557
9 0.360818 0.339821 0.003293 0.004558
8 0.347855 0.332578 0.003315 0.004607
8 0.352632 0.332581 0.003281 0.004468
9 0.318644 0.313919 0.003286 0.004672
9 0.324885 0.313929 0.003244 0.004617
9 0.282639 0.339884 0.003305 0.004568
9 0.303875 0.339797 0.003230 0.004442
8 0.290889 0.332624 0.003332 0.004595
8 0.295643 0.332616 0.003301 0.004568
9 0.267888 0.313945 0.003342 0.004654
8 0.222760 0.344264 0.003181 0.004333
9 0.217145 0.359169 0.003188 0.004418
9 0.235503 0.380119 0.003149 0.004572
9 0.235479 0.388959 0.003122 0.004601
9 0.217118 0.409959 0.003265 0.004442
8 0.222657 0.424794 0.003232 0.004354
8 0.222708 0.442501 0.003161 0.004347
9 0.217106 0.456160 0.003145 0.004327
9 0.235465 0.477098 0.003125 0.004551
8 0.222720 0.512323 0.003208 0.004378
9 0.217142 0.523609 0.003196 0.004360
9 0.235452 0.544585 0.003076 0.004672
9 0.235579 0.553419 0.003323 0.004552
9 0.217112 0.574277 0.003186 0.004692
8 0.222694 0.585861 0.003286 0.004596
8 0.222749 0.673214 0.003209 0.004312
9 0.217119 0.684477 0.003259 0.004326
9 0.235452 0.705468 0.003081 0.004575
9 0.235458 0.714400 0.003087 0.004531
9 0.217103 0.735311 0.003309 0.004334
8 0.222651 0.746647 0.003318 0.004338
8 0.222739 0.753649 0.003214 0.004423
9 0.217117 0.767322 0.003258 0.004323
9 0.235459 0.795351 0.003085 0.004542
9 0.235473 0.804249 0.003089 0.004598
9 0.217163 0.825628 0.003251 0.004692
8 0.222661 0.837154 0.003265 0.004301