38 0.205290 0.168596 0.003089 0.004558
38 0.210281 0.168594 0.003070 0.004565
38 0.262257 0.168603 0.003061 0.004484
38 0.267275 0.168576 0.003087 0.004502
38 0.319308 0.168612 0.003159 0.004499
38 0.324241 0.168565 0.003099 0.004452
38 0.376255 0.168626 0.003159 0.004563
38 0.381230 0.168594 0.003140 0.004499
38 0.433253 0.168613 0.003143 0.004534
38 0.438172 0.168571 0.003212 0.004496
38 0.490204 0.168620 0.003150 0.004577
38 0.495157 0.168579 0.003125 0.004612
38 0.609135 0.169202 0.003181 0.004579
38 0.662831 0.418410 0.003077 0.004532
38 0.604224 0.422968 0.003268 0.004462
38 0.608988 0.422982 0.003357 0.004545
38 0.547197 0.422983 0.003140 0.004576
38 0.552177 0.422982 0.003116 0.004537
38 0.490295 0.422958 0.003308 0.004518
38 0.495058 0.422961 0.003214 0.004486
38 0.433328 0.422992 0.003287 0.004531
38 0.438086 0.422959 0.003307 0.004484
38 0.376324 0.422990 0.003303 0.004530
38 0.381127 0.422954 0.003322 0.004451
38 0.319347 0.422987 0.003367 0.004525
38 0.324142 0.422987 0.003313 0.004555
38 0.267184 0.422980 0.003289 0.004475
38 0.179742 0.478053 0.003213 0.004396
38 0.179733 0.381016 0.003179 0.004334
38 0.179699 0.388073 0.003271 0.004356
38 0.179736 0.552557 0.003301 0.004311
38 0.179738 0.545474 0.003147 0.004335
38 0.179728 0.713474 0.003237 0.004375
38 0.179738 0.706361 0.003178 0.004360
38 0.179715 0.803387 0.003271 0.004353
38 0.179723 0.796314 0.003256 0.004428