2 0.185596 0.271513 0.003220 0.004509
2 0.185584 0.284851 0.003173 0.004522
2 0.230012 0.271487 0.003127 0.004498
2 0.230007 0.284841 0.003193 0.004485
2 0.242567 0.271550 0.003184 0.004541
2 0.242560 0.284837 0.003218 0.004486
2 0.287020 0.271494 0.003154 0.004512
2 0.286999 0.284881 0.003222 0.004442
2 0.299546 0.284883 0.003159 0.004479
2 0.299556 0.271501 0.003177 0.004585
2 0.344005 0.271530 0.003176 0.004547
2 0.343958 0.284885 0.003244 0.004534
2 0.356489 0.284836 0.003236 0.004463
2 0.356509 0.271494 0.003162 0.004545
2 0.400960 0.284859 0.003252 0.004466
2 0.400959 0.271525 0.003189 0.004535
2 0.413513 0.271494 0.003160 0.004619
2 0.413476 0.284900 0.003230 0.004539
2 0.457956 0.271443 0.003191 0.004505
2 0.457945 0.284853 0.003189 0.004504
2 0.506958 0.242540 0.003642 0.005093
2 0.506977 0.199978 0.003620 0.005111
2 0.641836 0.284834 0.003165 0.004469
2 0.641838 0.271508 0.003218 0.004588
2 0.641448 0.343741 0.003185 0.004438
2 0.641429 0.330364 0.003142 0.004497
2 0.628853 0.330365 0.003173 0.004516
2 0.628860 0.343750 0.003218 0.004509
2 0.571871 0.343708 0.003213 0.004538
2 0.584482 0.343736 0.003106 0.004511
2 0.571922 0.330353 0.003122 0.004480
2 0.584462 0.330347 0.003169 0.004461
2 0.527500 0.343690 0.003114 0.004427
2 0.527467 0.330313 0.003200 0.004428
2 0.514890 0.330309 0.003218 0.004393
2 0.514888 0.343745 0.003238 0.004627
2 0.470499 0.330333 0.003193 0.004395
2 0.470519 0.343674 0.003160 0.004427
2 0.457970 0.343685 0.003156 0.004529
2 0.457957 0.330321 0.003123 0.004362
2 0.413535 0.330376 0.003179 0.004574
2 0.413498 0.343712 0.003211 0.004431
2 0.400940 0.343723 0.003181 0.004535
2 0.400950 0.330364 0.003216 0.004593
2 0.343965 0.330341 0.003167 0.004436
2 0.343953 0.343764 0.003156 0.004497
2 0.356501 0.343698 0.003191 0.004455
2 0.356507 0.330357 0.003235 0.004470
2 0.299561 0.330338 0.003154 0.004409
2 0.299557 0.343701 0.003116 0.004529
2 0.287013 0.343742 0.003184 0.004512
2 0.286982 0.330390 0.003180 0.004517
2 0.223898 0.362298 0.003225 0.004628
2 0.233348 0.362313 0.003157 0.004512
2 0.223928 0.427381 0.003210 0.004467
2 0.233373 0.427401 0.003184 0.004562
2 0.223928 0.462341 0.003163 0.004516
2 0.233379 0.462309 0.003206 0.004527
2 0.193142 0.540761 0.003614 0.005122
2 0.222433 0.540720 0.003581 0.005136
2 0.223944 0.772948 0.003246 0.004557
2 0.233358 0.772920 0.003229 0.004529
2 0.223940 0.842717 0.003183 0.004481
2 0.233345 0.842665 0.003237 0.004403