8 0.180138 0.273843 0.003054 0.004609
8 0.233813 0.284822 0.003141 0.004485
8 0.238758 0.284872 0.003071 0.004625
8 0.290760 0.284807 0.003070 0.004469
8 0.295784 0.284864 0.003047 0.004570
8 0.347740 0.284832 0.003109 0.004509
8 0.352753 0.284838 0.003122 0.004628
8 0.404723 0.284849 0.003117 0.004630
8 0.409731 0.284891 0.003084 0.004622
8 0.461683 0.284847 0.003089 0.004608
8 0.637653 0.273271 0.003097 0.004627
8 0.632622 0.330392 0.003170 0.004615
8 0.637652 0.330387 0.003047 0.004652
8 0.575665 0.330383 0.003052 0.004642
8 0.580688 0.330448 0.003105 0.004697
8 0.518683 0.330394 0.003121 0.004590
8 0.523682 0.330404 0.003050 0.004651
8 0.461713 0.330365 0.003144 0.004642
8 0.466702 0.330429 0.003052 0.004513
8 0.404715 0.330384 0.003129 0.004636
8 0.409747 0.330384 0.003070 0.004536
8 0.347730 0.330359 0.003136 0.004580
8 0.352712 0.330461 0.003100 0.004529
8 0.290753 0.330473 0.003011 0.004504
8 0.295780 0.330372 0.003064 0.004555
8 0.226571 0.356052 0.003223 0.004353
8 0.226563 0.436641 0.003248 0.004403
8 0.226620 0.454319 0.003240 0.004400
8 0.226568 0.767874 0.003195 0.004360
8 0.226573 0.848957 0.003252 0.004385