38 0.205305 0.180427 0.003132 0.004531
38 0.210261 0.180420 0.003094 0.004506
38 0.262301 0.180439 0.003128 0.004525
38 0.267263 0.180418 0.003057 0.004548
38 0.319262 0.180378 0.003093 0.004557
38 0.324244 0.180396 0.003069 0.004489
38 0.376226 0.180268 0.003085 0.004852
38 0.381215 0.180414 0.003070 0.004495
38 0.433211 0.180407 0.003120 0.004420
38 0.438149 0.180429 0.003151 0.004494
38 0.637641 0.181039 0.003135 0.004613
38 0.637647 0.434180 0.003114 0.004434
38 0.604167 0.434770 0.003127 0.004565
38 0.609151 0.434810 0.003091 0.004511
38 0.547179 0.434808 0.003129 0.004489
38 0.552155 0.434767 0.003093 0.004568
38 0.490191 0.434785 0.003125 0.004460
38 0.495174 0.434788 0.003128 0.004528
38 0.433242 0.434786 0.003183 0.004516
38 0.438183 0.434765 0.003102 0.004557
38 0.376242 0.434834 0.003118 0.004477
38 0.381219 0.434796 0.003080 0.004509
38 0.319275 0.434783 0.003087 0.004469
38 0.324227 0.434791 0.003120 0.004484
38 0.267160 0.434799 0.003228 0.004494
38 0.179691 0.392855 0.003235 0.004315
38 0.179709 0.399908 0.003313 0.004389
38 0.179724 0.489883 0.003226 0.004377
38 0.179719 0.815233 0.003199 0.004379
38 0.179736 0.808210 0.003216 0.004443