0 0.766797 0.628631 0.004257 0.008985
0 0.773217 0.586852 0.004328 0.009284
0 0.773217 0.535265 0.004328 0.009134
0 0.773537 0.488245 0.004399 0.009134
0 0.740582 0.455002 0.004328 0.009134
0 0.739482 0.646676 0.004399 0.009134
0 0.718765 0.646601 0.004257 0.008985
0 0.697056 0.646601 0.004257 0.009284
0 0.676339 0.646601 0.004257 0.009284
0 0.675239 0.455151 0.004328 0.009134
0 0.648989 0.628706 0.004328 0.009134
0 0.614934 0.628631 0.004328 0.009284
0 0.642568 0.586852 0.004399 0.009284
0 0.621355 0.586927 0.004399 0.009134
0 0.642604 0.491090 0.004328 0.009134
0 0.648705 0.460991 0.004328 0.009134
0 0.621426 0.491090 0.004257 0.008835
0 0.615254 0.460991 0.004257 0.009134
0 0.588648 0.455076 0.004257 0.008985
0 0.566974 0.646676 0.004328 0.009134
0 0.545158 0.646601 0.004399 0.008985
0 0.524477 0.646676 0.004328 0.009134
0 0.523377 0.455151 0.004257 0.009134
0 0.497127 0.628556 0.004257 0.009134
0 0.459205 0.628706 0.004328 0.009434
0 0.490777 0.586852 0.004328 0.009284
0 0.465591 0.586927 0.004328 0.009134
0 0.490706 0.535340 0.004328 0.009284
0 0.465591 0.535265 0.004328 0.009134
0 0.490458 0.488095 0.004257 0.009134
0 0.465874 0.488245 0.004328 0.009134
0 0.432919 0.455076 0.004257 0.008985
0 0.367577 0.455076 0.004399 0.008985
0 0.431855 0.646601 0.004399 0.009284
0 0.411174 0.646601 0.004328 0.009284
0 0.389358 0.646676 0.004399 0.008835
0 0.368712 0.646676 0.004257 0.009134
0 0.341362 0.628706 0.004328 0.009134
0 0.307308 0.628631 0.004328 0.009284
0 0.334906 0.586777 0.004186 0.009134
0 0.313764 0.586927 0.004328 0.009134
0 0.313693 0.491165 0.004328 0.008985
0 0.334906 0.491015 0.004470 0.008985
0 0.341078 0.460991 0.004328 0.009134
0 0.307556 0.461066 0.004399 0.009284
0 0.281128 0.455151 0.004328 0.009134
0 0.279922 0.646601 0.004328 0.008985
0 0.259241 0.646676 0.004399 0.009134
0 0.237531 0.646601 0.004257 0.009284
0 0.216850 0.646526 0.004328 0.008835
0 0.215786 0.455076 0.004186 0.008985
0 0.189464 0.628706 0.004328 0.009134
0 0.183044 0.586852 0.004257 0.008985
0 0.183044 0.535190 0.004257 0.008985
0 0.182760 0.488170 0.004257 0.008985