0 0.766832 0.606768 0.004186 0.008985
0 0.773253 0.564915 0.004257 0.009134
0 0.773217 0.513327 0.004186 0.008985
0 0.773501 0.466232 0.004328 0.009134
0 0.740582 0.433139 0.004328 0.009134
0 0.739482 0.624738 0.004257 0.009284
0 0.718836 0.624738 0.004257 0.008985
0 0.697056 0.624813 0.004257 0.009134
0 0.676375 0.624738 0.004328 0.009284
0 0.675239 0.433139 0.004328 0.009434
0 0.648705 0.438979 0.004186 0.009134
0 0.642604 0.469227 0.004328 0.009134
0 0.621391 0.469152 0.004328 0.009284
0 0.615218 0.439054 0.004328 0.009284
0 0.588648 0.433139 0.004257 0.009134
0 0.621391 0.564915 0.004328 0.009134
0 0.615005 0.606918 0.004328 0.008985
0 0.566939 0.624813 0.004257 0.009134
0 0.545158 0.624813 0.004257 0.008835
0 0.497127 0.606918 0.004257 0.008985
0 0.490706 0.564990 0.004328 0.008985
0 0.490706 0.513402 0.004328 0.009134
0 0.490387 0.466232 0.004257 0.009134
0 0.523377 0.433214 0.004257 0.009284
0 0.459205 0.606843 0.004186 0.009134
0 0.465555 0.565064 0.004257 0.008835
0 0.465555 0.513327 0.004257 0.008985
0 0.465874 0.466307 0.004186 0.008985
0 0.432919 0.433214 0.004257 0.008985
0 0.411139 0.624738 0.004257 0.008985
0 0.389358 0.624813 0.004399 0.008835
0 0.341362 0.606843 0.004328 0.009134
0 0.367613 0.433214 0.004186 0.008985
0 0.341078 0.439128 0.004186 0.009134
0 0.334977 0.565139 0.004328 0.008985
0 0.279957 0.624813 0.004257 0.009134
0 0.259241 0.624813 0.004257 0.009134
0 0.334871 0.469152 0.004399 0.009284
0 0.313728 0.469152 0.004257 0.008985
0 0.307591 0.439128 0.004328 0.009134
0 0.281022 0.433288 0.004399 0.009134
0 0.237496 0.624813 0.004328 0.009134
0 0.216850 0.624813 0.004186 0.009134
0 0.189464 0.606768 0.004328 0.008985
0 0.183008 0.564915 0.004328 0.009134
0 0.183008 0.513477 0.004328 0.008985
0 0.182795 0.466232 0.004328 0.009134
0 0.215786 0.433363 0.004328 0.009284