3 0.719369 0.281297 0.004328 0.009134
3 0.696453 0.281297 0.004328 0.009134
3 0.707875 0.418014 0.004328 0.009134
3 0.718801 0.471473 0.004328 0.008835
3 0.697091 0.471623 0.004328 0.009134
3 0.566939 0.471548 0.004257 0.008985
3 0.545158 0.471548 0.004257 0.008985
3 0.556013 0.417865 0.004257 0.009134
3 0.567471 0.281222 0.004328 0.008985
3 0.544590 0.281297 0.004257 0.008835
3 0.411174 0.471473 0.004186 0.009134
3 0.389358 0.471548 0.004257 0.008985
3 0.400284 0.417865 0.004257 0.009134
3 0.411706 0.281222 0.004399 0.008985
3 0.388826 0.281297 0.004328 0.009134
3 0.259241 0.471473 0.004257 0.009134
3 0.237496 0.471548 0.004328 0.008985
3 0.248386 0.417790 0.004257 0.008985
3 0.259844 0.281297 0.004328 0.009134
3 0.236928 0.281297 0.004328 0.009434