0 0.269564 0.642483 0.004186 0.008835
0 0.269599 0.595837 0.004257 0.008985
0 0.307591 0.588125 0.004186 0.009134
0 0.276268 0.542453 0.004257 0.008835
0 0.297552 0.520365 0.004257 0.008985
0 0.281022 0.485624 0.004257 0.008985
0 0.307627 0.447963 0.004257 0.009134
0 0.227208 0.642408 0.004186 0.008985
0 0.227208 0.595987 0.004328 0.009284
0 0.189181 0.588125 0.004328 0.009134
0 0.220468 0.542528 0.004186 0.008985
0 0.199255 0.520365 0.004328 0.008985
0 0.215750 0.485699 0.004257 0.008835
0 0.189216 0.447963 0.004257 0.009134
3 0.718801 0.471473 0.004186 0.009134
3 0.697020 0.471548 0.004328 0.009284
3 0.707946 0.417940 0.004328 0.009284
3 0.707946 0.343067 0.004328 0.009284
3 0.566974 0.471473 0.004186 0.009134
3 0.545158 0.471473 0.004399 0.009134
3 0.556048 0.417865 0.004470 0.008835
3 0.556048 0.343067 0.004328 0.008985
3 0.411139 0.471473 0.004257 0.009134
3 0.389358 0.471473 0.004257 0.009434
3 0.400284 0.417790 0.004257 0.008985
3 0.400319 0.342992 0.004328 0.009134
3 0.259276 0.471548 0.004186 0.008985
3 0.237531 0.471548 0.004257 0.008985
3 0.248386 0.417865 0.004257 0.008835
3 0.248421 0.343142 0.004328 0.009434