0 0.707911 0.439203 0.004257 0.009284
0 0.766832 0.459119 0.004328 0.008985
0 0.718801 0.494609 0.004328 0.009284
0 0.740546 0.518194 0.004399 0.009134
0 0.757042 0.532195 0.004328 0.008985
0 0.736431 0.563492 0.004257 0.008985
0 0.729124 0.598907 0.004257 0.009134
0 0.686697 0.598982 0.004257 0.008985
0 0.679461 0.563567 0.004257 0.008835
0 0.697056 0.494609 0.004257 0.008985
0 0.675239 0.518194 0.004328 0.009134
0 0.648173 0.535115 0.004257 0.009134
0 0.658744 0.497829 0.004399 0.008835
0 0.556048 0.439203 0.004328 0.008985
0 0.605144 0.497829 0.004186 0.008835
0 0.566903 0.494609 0.004186 0.008685
0 0.588719 0.518119 0.004257 0.008985
0 0.615786 0.535190 0.004186 0.008985
0 0.584534 0.563492 0.004257 0.008685
0 0.577261 0.598982 0.004186 0.008985
0 0.534835 0.598907 0.004328 0.009134
0 0.527563 0.563567 0.004257 0.009134
0 0.506917 0.532420 0.004257 0.009134
0 0.523377 0.518269 0.004257 0.008985
0 0.545158 0.494609 0.004257 0.008985
0 0.497127 0.459194 0.004257 0.009134
0 0.400248 0.439203 0.004328 0.008985
0 0.459205 0.459119 0.004186 0.009284
0 0.411139 0.494534 0.004257 0.009134
0 0.432884 0.518119 0.004328 0.008985
0 0.449415 0.532345 0.004328 0.008985
0 0.428734 0.563567 0.004257 0.009134
0 0.421462 0.598907 0.004328 0.008835
0 0.379035 0.598907 0.004328 0.009134
0 0.389393 0.494609 0.004186 0.008985
0 0.371799 0.563492 0.004186 0.008985
0 0.367613 0.518194 0.004328 0.008835
0 0.351153 0.497829 0.004186 0.008835
0 0.340511 0.535265 0.004328 0.009134
0 0.308159 0.535190 0.004186 0.008985
0 0.269635 0.598832 0.004186 0.008985
0 0.276871 0.563417 0.004328 0.008835
0 0.297517 0.497754 0.004328 0.008985
0 0.281022 0.518194 0.004257 0.008835
0 0.248386 0.439203 0.004257 0.008985
0 0.259276 0.494609 0.004328 0.008985
0 0.237460 0.494534 0.004257 0.009134
0 0.215715 0.518194 0.004186 0.008835
0 0.219901 0.563567 0.004186 0.008835
0 0.227173 0.598907 0.004257 0.008835
0 0.199255 0.532270 0.004186 0.008835
0 0.189464 0.459194 0.004186 0.009134