0 0.718801 0.472597 0.004186 0.008985
0 0.697020 0.472671 0.004186 0.008835
0 0.707911 0.419137 0.004257 0.008985
0 0.707804 0.325172 0.004328 0.008835
0 0.566903 0.472672 0.004328 0.009134
0 0.545158 0.472672 0.004257 0.009134
0 0.556084 0.418988 0.004257 0.008985
0 0.556155 0.325247 0.004257 0.008985
0 0.411174 0.472672 0.004328 0.009134
0 0.389322 0.472672 0.004328 0.009134
0 0.400248 0.418988 0.004186 0.008685
0 0.400213 0.325172 0.004257 0.009134
0 0.259241 0.472597 0.004257 0.008985
0 0.237496 0.472672 0.004186 0.009134
0 0.248386 0.419063 0.004257 0.009134
0 0.248528 0.325172 0.004257 0.009134