25 0.261112 0.388201 0.003127 0.009050
25 0.699847 0.482195 0.006318 0.004416
22 0.217241 0.382068 0.004518 0.006425
22 0.217246 0.457981 0.004487 0.006511
22 0.260068 0.466019 0.004508 0.006498
22 0.329326 0.465951 0.004559 0.006288
22 0.400680 0.465976 0.004599 0.006396
22 0.472022 0.465950 0.004616 0.006372
22 0.543368 0.465943 0.004578 0.006333
22 0.609109 0.465993 0.004523 0.006488
22 0.686104 0.482011 0.004481 0.006376
22 0.690493 0.460515 0.004513 0.006423
22 0.690486 0.382167 0.004504 0.006402
22 0.726842 0.511186 0.004568 0.006407
27 0.329327 0.461256 0.006390 0.004073
27 0.400677 0.461257 0.006404 0.004025
27 0.472023 0.461248 0.006405 0.004017
27 0.543355 0.461265 0.006377 0.004032
27 0.609929 0.473184 0.002856 0.009059
27 0.621442 0.480833 0.006418 0.004076
31 0.720243 0.489106 0.002642 0.003685