25 0.319085 0.468149 0.006320 0.004397
25 0.339403 0.468151 0.006316 0.004376
25 0.461799 0.468156 0.006336 0.004354
25 0.482157 0.468134 0.006405 0.004333
25 0.604534 0.468145 0.006416 0.004354
25 0.624839 0.468128 0.006407 0.004358
22 0.253431 0.428101 0.004595 0.006378
22 0.261203 0.436764 0.004514 0.006406
22 0.325941 0.436797 0.004424 0.006373
22 0.332531 0.436770 0.004527 0.006391
22 0.397296 0.436779 0.004437 0.006373
22 0.403873 0.436788 0.004488 0.006391
22 0.468691 0.436788 0.004553 0.006391
22 0.475229 0.436761 0.004476 0.006336
22 0.540053 0.436788 0.004579 0.006391
22 0.546584 0.436788 0.004514 0.006391
22 0.611376 0.436779 0.004553 0.006373
22 0.617927 0.436797 0.004501 0.006409
22 0.682757 0.436761 0.004592 0.006373
22 0.690474 0.428255 0.004490 0.006356
22 0.647446 0.469171 0.004512 0.006334
22 0.581903 0.469153 0.004487 0.006334
22 0.504733 0.469171 0.004575 0.006370
22 0.439215 0.469162 0.004500 0.006352
22 0.362026 0.469171 0.004575 0.006406
22 0.296484 0.469171 0.004575 0.006370
22 0.253454 0.504071 0.004586 0.006510
22 0.258200 0.528094 0.004574 0.006308
22 0.325971 0.528046 0.004487 0.006424
22 0.397283 0.510460 0.004440 0.006465
22 0.403881 0.510480 0.004468 0.006544
22 0.475231 0.528066 0.004523 0.006403
22 0.546584 0.512080 0.004509 0.006498
22 0.616758 0.528062 0.004572 0.006394
22 0.685732 0.528116 0.004497 0.006268
22 0.690494 0.506567 0.004491 0.006375
22 0.685719 0.596231 0.004503 0.006343
22 0.616766 0.596255 0.004604 0.006391
22 0.546580 0.596239 0.004478 0.006384
22 0.475224 0.596255 0.004507 0.006417
22 0.403880 0.596253 0.004528 0.006396
22 0.397309 0.596257 0.004506 0.006394
22 0.325969 0.596242 0.004521 0.006388
22 0.258203 0.596209 0.004579 0.006309