25 0.621494 0.450773 0.006398 0.004480
25 0.601213 0.450759 0.006400 0.004406
25 0.478824 0.450771 0.006397 0.004492
25 0.458469 0.450790 0.006339 0.004496
25 0.336090 0.450781 0.006328 0.004473
25 0.315775 0.450785 0.006329 0.004453
22 0.254579 0.395776 0.004569 0.006426
22 0.250079 0.418030 0.004480 0.006520
22 0.322632 0.426684 0.004487 0.006494
22 0.329220 0.426649 0.004495 0.006421
22 0.303732 0.459018 0.004567 0.006348
22 0.348087 0.459031 0.004488 0.006354
22 0.465401 0.426641 0.004571 0.006423
22 0.471929 0.426632 0.004477 0.006338
22 0.446472 0.459024 0.004513 0.006355
22 0.490807 0.459024 0.004571 0.006370
22 0.608081 0.426636 0.004571 0.006413
22 0.614622 0.426655 0.004497 0.006383
22 0.589149 0.459019 0.004493 0.006320
22 0.633514 0.459042 0.004559 0.006312
22 0.687156 0.496423 0.004517 0.006394
22 0.687169 0.575567 0.004492 0.006493
22 0.688232 0.602105 0.004530 0.006371
22 0.614607 0.517903 0.004510 0.006399
22 0.543260 0.517892 0.004458 0.006328
22 0.471920 0.517942 0.004493 0.006484
22 0.400564 0.517965 0.004487 0.006531
22 0.329222 0.517943 0.004505 0.006481
22 0.322648 0.517940 0.004503 0.006487
22 0.254586 0.517960 0.004571 0.006455
22 0.254586 0.586036 0.004589 0.006268
22 0.254596 0.602160 0.004563 0.006344
22 0.329211 0.586065 0.004563 0.006370
22 0.329228 0.602156 0.004513 0.006409
22 0.400569 0.586083 0.004515 0.006422
22 0.400563 0.602116 0.004536 0.006421
22 0.471919 0.586089 0.004513 0.006429
22 0.471909 0.602118 0.004508 0.006467
22 0.543252 0.586088 0.004510 0.006395
22 0.543277 0.602130 0.004481 0.006407
22 0.614600 0.586096 0.004496 0.006425
22 0.614597 0.602123 0.004524 0.006390
23 0.716566 0.450693 0.010312 0.003347
23 0.716588 0.520032 0.010314 0.003453