4 0.184444 0.370729 0.003008 0.006325
4 0.225387 0.370825 0.002990 0.006440
6 0.213135 0.453744 0.002417 0.006086
6 0.237122 0.409938 0.002949 0.004758
6 0.139949 0.521134 0.002929 0.005083
6 0.571086 0.453675 0.002448 0.006191
6 0.644275 0.521096 0.002842 0.005068
17 0.184430 0.362377 0.003018 0.006384
17 0.225370 0.362346 0.002971 0.006339
17 0.558840 0.362352 0.002993 0.006371
17 0.599780 0.362370 0.002994 0.006381
27 0.190931 0.349105 0.004216 0.003969
27 0.593280 0.349112 0.004258 0.003984
33 0.095038 0.243204 0.006596 0.013801
33 0.095018 0.820693 0.006564 0.014050