2 0.244354 0.387110 0.002982 0.006259
2 0.271226 0.387055 0.002971 0.006316
2 0.244339 0.326909 0.002993 0.006450
2 0.271202 0.326867 0.003026 0.006194
2 0.513036 0.387081 0.002970 0.006165
2 0.539864 0.386963 0.003126 0.006194
2 0.539885 0.326848 0.002954 0.006308
2 0.513024 0.326919 0.003018 0.006453
25 0.131761 0.424073 0.004254 0.004461
25 0.131763 0.461719 0.004236 0.004299
25 0.186270 0.363909 0.004258 0.004327
25 0.186277 0.422432 0.004237 0.004305
25 0.597953 0.363908 0.004238 0.004350
25 0.597951 0.422416 0.004249 0.004334
25 0.652462 0.461706 0.004216 0.004297
25 0.652457 0.424062 0.004243 0.004412