9 0.096748 0.453188 0.003084 0.006440
9 0.096397 0.504960 0.003038 0.006316
9 0.147371 0.504840 0.003061 0.006267
9 0.153279 0.504892 0.003094 0.006232
9 0.201095 0.504899 0.003036 0.006293
9 0.207005 0.504931 0.003083 0.006227
9 0.254828 0.504836 0.003160 0.006329
9 0.260743 0.504890 0.003093 0.006293
9 0.308542 0.504866 0.003121 0.006297
9 0.314462 0.504917 0.003057 0.006126
9 0.362283 0.504862 0.003051 0.006288
9 0.368214 0.504918 0.003078 0.006120
9 0.416057 0.504848 0.003109 0.006210
9 0.421945 0.504885 0.003074 0.006210
9 0.469764 0.504836 0.003132 0.006050
9 0.475659 0.504960 0.003093 0.006215
9 0.523508 0.504898 0.003152 0.006009
9 0.529393 0.504919 0.003171 0.006297
9 0.577222 0.504899 0.003081 0.006265
9 0.583136 0.504916 0.003061 0.006272
9 0.630990 0.504921 0.003085 0.006371
9 0.636867 0.504921 0.003085 0.006268
9 0.687838 0.504937 0.003038 0.006335
9 0.693746 0.504923 0.003165 0.006165
8 0.720049 0.511111 0.002951 0.006440
8 0.720078 0.446753 0.002868 0.006371
9 0.687795 0.453157 0.003137 0.006218
9 0.693729 0.453046 0.003097 0.006209
9 0.469744 0.453002 0.003096 0.006181
9 0.475662 0.453081 0.003196 0.006023
9 0.415989 0.453082 0.003105 0.006074
9 0.421926 0.453061 0.003027 0.006115
9 0.362258 0.453002 0.003107 0.006289
9 0.368226 0.453034 0.003033 0.006163
9 0.308547 0.453088 0.003005 0.006095
9 0.314468 0.453031 0.003075 0.006282
9 0.255096 0.300287 0.003050 0.006183
9 0.529172 0.300030 0.003046 0.006217