2 0.244367 0.260727 0.002923 0.006371
2 0.271209 0.260618 0.002938 0.006256
2 0.271211 0.320869 0.002969 0.006387
2 0.244342 0.320791 0.002971 0.006217
2 0.513008 0.260653 0.003028 0.006371
2 0.539865 0.260643 0.003046 0.006312
2 0.539865 0.320816 0.003028 0.006371
2 0.513046 0.320828 0.002985 0.006270
25 0.131760 0.357857 0.004269 0.004334
25 0.131750 0.395509 0.004239 0.004402
25 0.186260 0.356219 0.004256 0.004413
25 0.186266 0.297702 0.004236 0.004438
25 0.597951 0.356213 0.004231 0.004416
25 0.597944 0.297688 0.004241 0.004439
25 0.652443 0.357849 0.004249 0.004277
25 0.652460 0.395503 0.004242 0.004408