9 0.096760 0.386907 0.003044 0.006325
9 0.096381 0.438708 0.003042 0.006221
9 0.147362 0.438736 0.003028 0.006203
9 0.153258 0.438747 0.003113 0.006199
9 0.201106 0.438688 0.003084 0.006184
9 0.207014 0.438702 0.003113 0.006094
9 0.254814 0.438677 0.003150 0.006218
9 0.260792 0.438678 0.003131 0.006059
9 0.308543 0.438635 0.003029 0.006125
9 0.314481 0.438706 0.003094 0.006110
9 0.362256 0.438651 0.003090 0.006099
9 0.368220 0.438711 0.003098 0.006108
9 0.416039 0.438723 0.003091 0.006189
9 0.421950 0.438734 0.003070 0.006012
9 0.469743 0.438706 0.003052 0.006267
9 0.475693 0.438700 0.003049 0.006127
9 0.523500 0.438730 0.003106 0.006177
9 0.529424 0.438707 0.003100 0.006155
9 0.577203 0.438636 0.003063 0.006247
9 0.583126 0.438628 0.003081 0.006312
9 0.630906 0.438618 0.003091 0.006329
9 0.636872 0.438688 0.003125 0.006118
9 0.687799 0.438776 0.003062 0.006249
9 0.693751 0.438718 0.003008 0.006210
8 0.720020 0.444846 0.002894 0.006423
8 0.720010 0.380526 0.002913 0.006650
9 0.687797 0.386861 0.003079 0.006289
9 0.693733 0.386843 0.003097 0.006176
9 0.529155 0.233795 0.003012 0.006133
9 0.469748 0.386841 0.003075 0.006186
9 0.475627 0.386857 0.003075 0.006282
9 0.415998 0.386876 0.003055 0.006203
9 0.421907 0.386827 0.003085 0.006235
9 0.362279 0.386934 0.003100 0.006346
9 0.368208 0.386934 0.003160 0.006261
9 0.308558 0.386848 0.003012 0.006293
9 0.314479 0.386828 0.003105 0.006175
9 0.255112 0.233806 0.003039 0.006049
33 0.748260 0.786581 0.004223 0.008891
33 0.748249 0.924575 0.004253 0.008978
33 0.545938 0.787181 0.004229 0.008921
33 0.545932 0.926826 0.004265 0.008870
33 0.095028 0.126596 0.006533 0.013846
33 0.094985 0.703796 0.006615 0.013889