2 0.244340 0.276813 0.002994 0.006288
2 0.271238 0.276905 0.002919 0.006289
2 0.244320 0.336979 0.002978 0.006170
2 0.271222 0.337053 0.002946 0.006176
2 0.513030 0.276861 0.003006 0.006305
2 0.513022 0.337078 0.002965 0.006247
2 0.539896 0.337034 0.002985 0.006315
2 0.539861 0.276804 0.003039 0.006300
25 0.131755 0.374047 0.004268 0.004420
25 0.131758 0.411637 0.004256 0.004407
25 0.186265 0.313898 0.004243 0.004374
25 0.186266 0.372401 0.004242 0.004270
25 0.597951 0.372422 0.004256 0.004312
25 0.597951 0.313857 0.004255 0.004308
25 0.652448 0.374060 0.004204 0.004439
25 0.652458 0.411653 0.004242 0.004435