9 0.096809 0.402914 0.003016 0.006241
9 0.255104 0.250070 0.002958 0.006289
9 0.308537 0.402950 0.003098 0.006286
9 0.314476 0.402993 0.003056 0.006243
9 0.362288 0.402988 0.003077 0.006131
9 0.368157 0.403067 0.003045 0.006163
9 0.416010 0.403057 0.003034 0.006125
9 0.421928 0.403053 0.003045 0.006093
9 0.469712 0.403096 0.003076 0.006220
9 0.475657 0.403024 0.003053 0.006101
9 0.529090 0.250070 0.002972 0.006242
9 0.687806 0.403028 0.003000 0.006098
9 0.693760 0.403047 0.003052 0.006252
8 0.720029 0.396848 0.002951 0.006597
8 0.720044 0.461164 0.002899 0.006479
9 0.687805 0.454812 0.003151 0.006207
9 0.693730 0.454876 0.003142 0.006133
9 0.630971 0.454889 0.003062 0.006301
9 0.636878 0.454847 0.003048 0.006138
9 0.577175 0.454824 0.003138 0.006107
9 0.583127 0.454898 0.003107 0.006273
9 0.523508 0.454861 0.003113 0.006279
9 0.529410 0.454890 0.003058 0.006126
9 0.469706 0.454890 0.003112 0.006220
9 0.475642 0.454864 0.003076 0.006168
9 0.416041 0.454842 0.002996 0.006232
9 0.421965 0.454896 0.003034 0.006125
9 0.362247 0.454831 0.003051 0.006193
9 0.368214 0.454843 0.003099 0.006103
9 0.308520 0.454813 0.003090 0.006218
9 0.314466 0.454813 0.003075 0.006091
9 0.254799 0.454850 0.003118 0.006239
9 0.260764 0.454875 0.003105 0.006035
9 0.201089 0.454854 0.003023 0.006139
9 0.207026 0.454863 0.003084 0.006108
9 0.147343 0.454859 0.003007 0.006173
9 0.153300 0.454864 0.003059 0.006213
9 0.096373 0.454863 0.003120 0.006147
33 0.094950 0.719995 0.006464 0.013725
33 0.095056 0.142696 0.006498 0.013747
33 0.545956 0.745373 0.004241 0.008901
33 0.545916 0.885091 0.004297 0.008901
33 0.748232 0.741538 0.004201 0.008957
33 0.748264 0.879519 0.004234 0.008821