2 0.244368 0.378859 0.002972 0.006399
2 0.271227 0.378830 0.002968 0.006350
2 0.244363 0.318636 0.002988 0.006258
2 0.271228 0.318714 0.002977 0.006380
2 0.513033 0.318675 0.002958 0.006361
2 0.539874 0.318556 0.002983 0.006344
2 0.539860 0.378774 0.003019 0.006068
2 0.513054 0.378819 0.002964 0.006314
25 0.125152 0.389698 0.002092 0.008994
25 0.108094 0.453476 0.004184 0.004395
25 0.180468 0.324523 0.002083 0.009016
25 0.186257 0.414206 0.004224 0.004416
25 0.597953 0.414195 0.004266 0.004471
25 0.676150 0.453473 0.004223 0.004414
34 0.104765 0.470659 0.002327 0.009070
34 0.109823 0.330503 0.002317 0.009167
34 0.165469 0.305299 0.002364 0.009003
34 0.186348 0.470819 0.002326 0.009238
34 0.597934 0.470767 0.002423 0.009154
34 0.618731 0.305386 0.002356 0.008942
34 0.679502 0.470681 0.002334 0.009315
34 0.674349 0.330554 0.002260 0.009174
34 0.419006 0.585627 0.002373 0.008817
34 0.418945 0.640388 0.002324 0.008909
33 0.095022 0.184533 0.006619 0.014107
33 0.095002 0.761719 0.006596 0.013763
33 0.553208 0.782049 0.004216 0.008818
33 0.553184 0.920082 0.004195 0.008876
33 0.752089 0.782052 0.004202 0.008776
33 0.752098 0.920100 0.004202 0.008814