9 0.255083 0.291925 0.003031 0.006111
9 0.314457 0.444833 0.003028 0.006232
9 0.362250 0.444848 0.002973 0.006163
9 0.368166 0.444880 0.003092 0.006100
9 0.416013 0.444891 0.003020 0.006050
9 0.421917 0.444878 0.003058 0.006103
9 0.469736 0.444883 0.003026 0.006142
9 0.529131 0.291924 0.003055 0.006159
8 0.720019 0.438630 0.002910 0.006609
9 0.693761 0.444815 0.003044 0.006100
8 0.720045 0.502936 0.002895 0.006553
9 0.687804 0.496706 0.003101 0.006338
9 0.693770 0.496734 0.003075 0.006283
9 0.630925 0.496702 0.003115 0.006209
9 0.636867 0.496702 0.003043 0.006108
9 0.577245 0.496684 0.003113 0.006145
9 0.583148 0.496698 0.003079 0.006135
9 0.523483 0.496716 0.003090 0.006221
9 0.529410 0.496655 0.003113 0.006245
9 0.469735 0.496762 0.003077 0.006197
9 0.475634 0.496640 0.003061 0.006302
8 0.446613 0.502975 0.003012 0.006275
9 0.362263 0.496730 0.003012 0.006232
9 0.308521 0.496733 0.003089 0.006185
9 0.314464 0.496718 0.003061 0.006097
9 0.201083 0.496622 0.003031 0.006151
9 0.207009 0.496675 0.003081 0.006151
9 0.147374 0.496739 0.003046 0.006286
9 0.153305 0.496707 0.003062 0.006148
9 0.096368 0.496648 0.003109 0.006266
9 0.254809 0.496623 0.003173 0.006221
9 0.260752 0.496667 0.003132 0.006366