4 0.108821 0.479252 0.002962 0.006325
4 0.136860 0.479290 0.002907 0.006439
4 0.163723 0.479391 0.003012 0.006450
4 0.167689 0.440348 0.003026 0.006433
4 0.164112 0.327503 0.003051 0.006379
4 0.164162 0.388632 0.003015 0.006378
4 0.186271 0.440371 0.003034 0.006286
4 0.194955 0.389841 0.003000 0.006378
4 0.186034 0.320421 0.002953 0.006403
4 0.224628 0.320524 0.003015 0.006679
4 0.244328 0.327497 0.003055 0.006235
4 0.244351 0.388649 0.002999 0.006412
4 0.244330 0.439552 0.002952 0.006394
4 0.190578 0.479316 0.003062 0.006594
4 0.217465 0.479295 0.002977 0.006390
4 0.244333 0.479325 0.002991 0.006436
4 0.271200 0.479249 0.002979 0.006406
4 0.298058 0.479236 0.003025 0.006329
4 0.324928 0.479262 0.002977 0.006350
4 0.351845 0.479290 0.003009 0.006366
4 0.378698 0.479295 0.002990 0.006296
4 0.405565 0.479299 0.003081 0.006788
4 0.432415 0.479242 0.002940 0.006321
4 0.459255 0.479317 0.002978 0.006419
4 0.486125 0.479302 0.003039 0.006377
4 0.513018 0.479284 0.003037 0.006345
4 0.539872 0.479234 0.002996 0.006338
4 0.539880 0.439563 0.003083 0.006317
4 0.539872 0.388652 0.003057 0.006315
4 0.539884 0.327602 0.003035 0.006390
4 0.559628 0.320379 0.002984 0.006257
4 0.598161 0.320389 0.003089 0.006298
4 0.589299 0.389890 0.002975 0.006263
4 0.566726 0.479299 0.003027 0.006427
4 0.593589 0.479278 0.003014 0.006377
4 0.597948 0.440352 0.003059 0.006412
4 0.620068 0.327553 0.003017 0.006344
4 0.620081 0.388548 0.003007 0.006241
4 0.616522 0.440358 0.003035 0.006240
4 0.620464 0.479289 0.003043 0.006415
4 0.647341 0.479294 0.002962 0.006461
4 0.706394 0.479270 0.003041 0.006402
4 0.675980 0.479283 0.003025 0.006364
2 0.714648 0.434648 0.002914 0.006445
2 0.714619 0.523938 0.002853 0.006489
25 0.186266 0.422696 0.004252 0.004438
25 0.186270 0.364148 0.004242 0.004404
25 0.597937 0.364170 0.004235 0.004446
25 0.597958 0.422702 0.004235 0.004446
23 0.101909 0.438743 0.001599 0.014599
23 0.142614 0.438741 0.001581 0.014623
23 0.265473 0.438740 0.001596 0.014588
23 0.303793 0.438705 0.001613 0.014588
23 0.319204 0.438723 0.001563 0.014553
23 0.357549 0.438723 0.001563 0.014623
23 0.372928 0.438688 0.001580 0.014553
23 0.411247 0.438723 0.001530 0.014553
23 0.426659 0.438688 0.001547 0.014553
23 0.464995 0.438740 0.001563 0.014588
23 0.480407 0.438723 0.001613 0.014553
23 0.518710 0.438740 0.001563 0.014588
23 0.641601 0.438740 0.001613 0.014658
23 0.681501 0.438723 0.001596 0.014623
23 0.700056 0.438757 0.001547 0.014623
23 0.700085 0.519818 0.001610 0.014459
23 0.681515 0.519785 0.001563 0.014459
23 0.641598 0.519801 0.001594 0.014560
23 0.626192 0.519801 0.001594 0.014493
23 0.587884 0.519785 0.001626 0.014459
23 0.572471 0.519801 0.001610 0.014493
23 0.534148 0.519801 0.001578 0.014493
23 0.518719 0.519818 0.001594 0.014459
23 0.480411 0.519801 0.001626 0.014493
23 0.464990 0.519835 0.001594 0.014493
23 0.426690 0.519801 0.001610 0.014493
23 0.411269 0.519801 0.001578 0.014560
23 0.372945 0.519801 0.001610 0.014560
23 0.357532 0.519785 0.001594 0.014459
23 0.319209 0.519801 0.001594 0.014493
23 0.303803 0.519801 0.001594 0.014493
23 0.265472 0.519801 0.001578 0.014493
23 0.250067 0.519801 0.001642 0.014560
23 0.211751 0.519780 0.001595 0.014529
23 0.196349 0.519780 0.001595 0.014453
23 0.158015 0.519780 0.001613 0.014529
23 0.142613 0.519818 0.001613 0.014453
23 0.101906 0.519799 0.001595 0.014491