9 0.096394 0.453441 0.003060 0.006261
9 0.112013 0.416986 0.002978 0.006363
8 0.121088 0.427157 0.003005 0.006469
8 0.125812 0.427245 0.002953 0.006491
9 0.147327 0.453310 0.003085 0.006149
9 0.096410 0.505183 0.003072 0.006232
8 0.121110 0.531290 0.002942 0.006435
8 0.125800 0.531342 0.002886 0.006474
9 0.111970 0.541541 0.002957 0.006338
9 0.147375 0.505135 0.003073 0.006192
9 0.153270 0.505209 0.003067 0.006196
8 0.174822 0.531347 0.002927 0.006500
8 0.179551 0.531294 0.002891 0.006424
9 0.201090 0.505198 0.003078 0.006231
9 0.207016 0.505181 0.003097 0.006227
8 0.228548 0.531289 0.002932 0.006527
8 0.233264 0.531312 0.002884 0.006335
9 0.254837 0.505176 0.003053 0.006220
9 0.260741 0.505142 0.003072 0.006334
8 0.282269 0.531298 0.002917 0.006486
8 0.286996 0.531331 0.002954 0.006452
9 0.308571 0.505150 0.003029 0.006285
9 0.314475 0.505181 0.003044 0.006285
8 0.336015 0.531318 0.002962 0.006511
8 0.340722 0.531300 0.002929 0.006337
9 0.362298 0.505176 0.003096 0.006207
9 0.368198 0.505197 0.003052 0.006233
8 0.389736 0.531246 0.002841 0.006567
8 0.394496 0.531321 0.002869 0.006484
8 0.389744 0.427180 0.002880 0.006399
8 0.394482 0.427282 0.002896 0.006467
9 0.415995 0.505204 0.003056 0.006230
9 0.421942 0.505208 0.003059 0.006237
8 0.443488 0.531325 0.002904 0.006606
8 0.448197 0.531325 0.002929 0.006423
9 0.469775 0.505179 0.003060 0.006173
9 0.475665 0.505129 0.003077 0.006287
8 0.497201 0.531285 0.002899 0.006538
8 0.501965 0.531312 0.002840 0.006483
9 0.523466 0.505188 0.003045 0.006267
8 0.550926 0.531231 0.002918 0.006367
8 0.555668 0.531306 0.002854 0.006377
9 0.577210 0.505193 0.003091 0.006159
9 0.583133 0.505190 0.003044 0.006441
8 0.604677 0.531204 0.002851 0.006505
8 0.609444 0.531287 0.002837 0.006356
9 0.630939 0.505225 0.003031 0.006245
9 0.636882 0.505108 0.003102 0.006245
8 0.658391 0.531196 0.002930 0.006446
8 0.663137 0.531303 0.002889 0.006398
9 0.687832 0.505170 0.003127 0.006378
9 0.693762 0.505162 0.003092 0.006144
8 0.720057 0.531280 0.002916 0.006585
9 0.260747 0.453342 0.003156 0.006129
8 0.282255 0.427122 0.002955 0.006300
8 0.287058 0.427202 0.002881 0.006467
9 0.308538 0.453305 0.003042 0.006155
9 0.314461 0.453432 0.003100 0.006205
8 0.336007 0.427147 0.002944 0.006355
8 0.340720 0.427264 0.002916 0.006499
9 0.362290 0.453309 0.003047 0.006198
9 0.368185 0.453353 0.003093 0.006240
9 0.415999 0.453364 0.003079 0.006159
9 0.421939 0.453417 0.003105 0.006207
8 0.443460 0.427166 0.002961 0.006417
8 0.448165 0.427226 0.002926 0.006532
9 0.469740 0.453350 0.003018 0.006163
9 0.475649 0.453364 0.003042 0.006068
8 0.497197 0.427245 0.002947 0.006451
8 0.501969 0.427193 0.002896 0.006345
9 0.523459 0.453394 0.003051 0.006139
9 0.636834 0.453384 0.003067 0.006152
8 0.658390 0.427203 0.002995 0.006447
8 0.663139 0.427187 0.002902 0.006471
9 0.687802 0.453368 0.003051 0.006160
9 0.693745 0.453359 0.003116 0.006150
8 0.720038 0.427235 0.002918 0.006362
28 0.095664 0.406537 0.003094 0.006276
28 0.148057 0.414890 0.003106 0.006314
28 0.260010 0.414888 0.003110 0.006353
28 0.309252 0.414933 0.003098 0.006326
28 0.313742 0.414914 0.003098 0.006364
28 0.363001 0.414914 0.003116 0.006288
28 0.367473 0.414904 0.003098 0.006269
28 0.416728 0.414923 0.003089 0.006307
28 0.421204 0.414904 0.003098 0.006345
28 0.470454 0.414933 0.003134 0.006326
28 0.474930 0.414923 0.003125 0.006345
28 0.524185 0.414933 0.003080 0.006326
28 0.636139 0.414907 0.003110 0.006338
28 0.688549 0.414919 0.003132 0.006347
28 0.693033 0.414908 0.003127 0.006414
28 0.693030 0.543622 0.003123 0.006364
28 0.688541 0.543616 0.003123 0.006352
28 0.636149 0.543622 0.003072 0.006364
28 0.631637 0.543646 0.003083 0.006340
28 0.582404 0.543640 0.003099 0.006348
28 0.577930 0.543628 0.003099 0.006325
28 0.528676 0.543628 0.003077 0.006371
28 0.524186 0.543628 0.003066 0.006325
28 0.474942 0.543628 0.003110 0.006325
28 0.470446 0.543628 0.003132 0.006325
28 0.421208 0.543640 0.003121 0.006348
28 0.416723 0.543651 0.003077 0.006325
28 0.367473 0.543628 0.003110 0.006325
28 0.362983 0.543617 0.003121 0.006348
28 0.313761 0.543640 0.003099 0.006348
28 0.309238 0.543628 0.003066 0.006371
28 0.260011 0.543628 0.003121 0.006371
28 0.255515 0.543628 0.003099 0.006325
28 0.206288 0.543640 0.003088 0.006348
28 0.201781 0.543628 0.003066 0.006279
28 0.152565 0.543640 0.003121 0.006348
28 0.148064 0.543628 0.003132 0.006325
28 0.095670 0.551978 0.003085 0.006383