6 0.112020 0.390237 0.002930 0.004994
6 0.108398 0.401430 0.002469 0.005912
6 0.133178 0.390138 0.002921 0.005019
6 0.136926 0.401380 0.002427 0.005922
6 0.271147 0.401416 0.002356 0.006047
6 0.274928 0.390139 0.002895 0.004919
6 0.294360 0.390139 0.002895 0.004916
6 0.298194 0.401480 0.002318 0.006054
6 0.351898 0.401412 0.002342 0.006002
6 0.348069 0.390152 0.002984 0.004827
6 0.328636 0.390107 0.002905 0.004956
6 0.324877 0.401473 0.002405 0.006073
6 0.378622 0.401524 0.002389 0.006039
6 0.382429 0.390084 0.002971 0.004930
6 0.401792 0.390119 0.002951 0.004930
6 0.405611 0.401506 0.002364 0.006072
6 0.436140 0.390118 0.002941 0.004863
6 0.432338 0.401488 0.002400 0.006007
6 0.459334 0.401448 0.002332 0.006051
6 0.455538 0.390122 0.002958 0.004888
6 0.486098 0.401503 0.002390 0.006131
6 0.489902 0.390089 0.002861 0.004868
6 0.509279 0.390104 0.002928 0.004897
6 0.513079 0.401460 0.002378 0.006016
6 0.647227 0.401436 0.002410 0.005942
6 0.651078 0.390125 0.002868 0.004903
6 0.670643 0.390091 0.002967 0.004903
6 0.674251 0.401407 0.002427 0.006032
6 0.707361 0.401473 0.002415 0.006125
6 0.710937 0.390096 0.002881 0.004870
6 0.108397 0.521229 0.002434 0.006221
6 0.111997 0.532445 0.002915 0.005024
6 0.133154 0.532558 0.002949 0.005095
6 0.136896 0.521088 0.002421 0.006192
6 0.163705 0.521166 0.002417 0.006091
6 0.167478 0.532558 0.003003 0.005095
6 0.186886 0.532565 0.002982 0.005140
6 0.190650 0.521099 0.002384 0.006129
6 0.221200 0.532412 0.002891 0.005310
6 0.217381 0.521183 0.002391 0.006144
6 0.240615 0.532499 0.002936 0.004891
6 0.244388 0.521154 0.002351 0.006120
6 0.274919 0.532456 0.002891 0.005103
6 0.271192 0.521223 0.002417 0.006142
6 0.294356 0.532454 0.002968 0.005045
6 0.298146 0.521141 0.002326 0.006123
6 0.324846 0.521074 0.002510 0.006256
6 0.328667 0.532521 0.002921 0.005149
6 0.348081 0.532520 0.002954 0.005068
6 0.351849 0.521147 0.002327 0.006217
6 0.378580 0.521211 0.002327 0.006305
6 0.382447 0.532535 0.002943 0.004994
6 0.405594 0.521212 0.002417 0.006043
6 0.401811 0.532570 0.002948 0.005253
6 0.432313 0.521140 0.002383 0.006114
6 0.436145 0.532540 0.002905 0.005088
6 0.455532 0.532536 0.002946 0.005188
6 0.459338 0.521177 0.002350 0.005985
6 0.486065 0.521184 0.002421 0.006039
6 0.489893 0.532552 0.002907 0.004973
6 0.509286 0.532531 0.002965 0.004988
6 0.513057 0.521162 0.002345 0.005989
6 0.539791 0.521238 0.002419 0.006128
6 0.543595 0.532469 0.002893 0.005028
6 0.562991 0.532537 0.002944 0.005207
6 0.566813 0.521191 0.002273 0.006076
6 0.593525 0.521218 0.002373 0.006050
6 0.597300 0.532521 0.002962 0.005135
6 0.616741 0.532581 0.002898 0.004973
6 0.620559 0.521180 0.002316 0.006043
6 0.647259 0.521197 0.002373 0.006174
6 0.651053 0.532554 0.002857 0.004990
6 0.670685 0.532430 0.002836 0.004856
6 0.674284 0.521164 0.002334 0.006054
6 0.707324 0.521194 0.002307 0.006168
6 0.710912 0.532493 0.002803 0.004962
2 0.714669 0.506027 0.002953 0.006283
2 0.714681 0.416613 0.002880 0.006388