9 0.096371 0.435467 0.003127 0.006163
9 0.112005 0.399110 0.002958 0.006543
8 0.121077 0.409246 0.002993 0.006356
8 0.125790 0.409259 0.003042 0.006435
9 0.147328 0.435397 0.003105 0.006074
9 0.260701 0.435433 0.003091 0.006148
8 0.282249 0.409265 0.002934 0.006394
8 0.287038 0.409359 0.002898 0.006506
9 0.308551 0.435421 0.003043 0.006209
9 0.314481 0.435443 0.003077 0.006119
8 0.336003 0.409283 0.002947 0.006527
8 0.340715 0.409339 0.002949 0.006460
9 0.362272 0.435460 0.003076 0.006286
9 0.368195 0.435355 0.003048 0.006228
8 0.389718 0.409275 0.002969 0.006601
8 0.394464 0.409354 0.002931 0.006448
9 0.416000 0.435429 0.003062 0.006247
9 0.421916 0.435472 0.003115 0.006189
8 0.443458 0.409264 0.002905 0.006459
8 0.448195 0.409313 0.002888 0.006376
9 0.469724 0.435402 0.003122 0.006116
9 0.475656 0.435442 0.003029 0.006362
8 0.497198 0.409227 0.002900 0.006416
8 0.501953 0.409297 0.002848 0.006391
9 0.523483 0.435434 0.003091 0.006285
9 0.636847 0.435461 0.003091 0.006316
8 0.658396 0.409230 0.003005 0.006469
8 0.663115 0.409356 0.002895 0.006363
9 0.687813 0.435409 0.003039 0.006247
9 0.693740 0.435408 0.003055 0.006261
8 0.720030 0.409290 0.002928 0.006314
8 0.720022 0.513403 0.002916 0.006427
9 0.687839 0.487253 0.003057 0.006263
9 0.693753 0.487252 0.003094 0.006124
8 0.658386 0.513374 0.002903 0.006458
8 0.663134 0.513446 0.002876 0.006371
9 0.630939 0.487239 0.003055 0.006124
9 0.636876 0.487316 0.003107 0.006194
8 0.604668 0.513340 0.002877 0.006462
8 0.609436 0.513375 0.002848 0.006399
8 0.550927 0.513373 0.002953 0.006528
8 0.555672 0.513383 0.002888 0.006331
9 0.577208 0.487181 0.003064 0.006219
9 0.583131 0.487257 0.003051 0.006140
9 0.523508 0.487221 0.003072 0.006259
8 0.497183 0.513357 0.002877 0.006417
8 0.501966 0.513410 0.002886 0.006347
9 0.469762 0.487238 0.003039 0.006252
9 0.475663 0.487166 0.003104 0.006139
8 0.443471 0.513335 0.002913 0.006416
8 0.448221 0.513383 0.002913 0.006384
9 0.416005 0.487234 0.003049 0.006265
9 0.421958 0.487244 0.003082 0.006258
8 0.389718 0.513301 0.002921 0.006420
8 0.394509 0.513378 0.002872 0.006494
9 0.111955 0.523544 0.002986 0.006511
8 0.121067 0.513385 0.002943 0.006616
8 0.125817 0.513413 0.002904 0.006505
8 0.174817 0.513335 0.002853 0.006479
8 0.179528 0.513409 0.002857 0.006404
9 0.201077 0.487287 0.003089 0.006331
9 0.207020 0.487303 0.003070 0.006300
8 0.228531 0.513386 0.002946 0.006511
8 0.233272 0.513425 0.002902 0.006535
9 0.254809 0.487234 0.003091 0.006250
8 0.282271 0.513368 0.002883 0.006553
8 0.287022 0.513357 0.002853 0.006417
9 0.308552 0.487191 0.003077 0.006105
9 0.314493 0.487227 0.003098 0.006189
8 0.335990 0.513364 0.002917 0.006434
8 0.340733 0.513379 0.002887 0.006412
9 0.362300 0.487255 0.003093 0.006163
9 0.368223 0.487286 0.003114 0.006317
9 0.147372 0.487242 0.003128 0.006156
9 0.153271 0.487288 0.003026 0.006310
9 0.096411 0.487239 0.003095 0.006194
28 0.095672 0.388607 0.003081 0.006339
28 0.148065 0.396977 0.003110 0.006338
28 0.260017 0.396978 0.003127 0.006402
28 0.309260 0.396959 0.003109 0.006325
28 0.313753 0.396968 0.003099 0.006344
28 0.363000 0.396978 0.003109 0.006364
28 0.367480 0.396968 0.003109 0.006383
28 0.416723 0.396997 0.003090 0.006325
28 0.421230 0.396959 0.003072 0.006402
28 0.470463 0.396988 0.003127 0.006344
28 0.474943 0.396968 0.003090 0.006422
28 0.524181 0.396978 0.003045 0.006325
28 0.636147 0.396978 0.003090 0.006402
28 0.688543 0.396968 0.003127 0.006306
28 0.693028 0.396978 0.003118 0.006364
28 0.693035 0.525661 0.003110 0.006359
28 0.688542 0.525677 0.003103 0.006359
28 0.636141 0.525685 0.003088 0.006406
28 0.631647 0.525692 0.003080 0.006359
28 0.582401 0.525685 0.003110 0.006343
28 0.577908 0.525685 0.003118 0.006375
28 0.528688 0.525645 0.003095 0.006390
28 0.524168 0.525685 0.003095 0.006311
28 0.474952 0.525685 0.003110 0.006375
28 0.470451 0.525685 0.003103 0.006311
28 0.421227 0.525700 0.003073 0.006375
28 0.416711 0.525692 0.003095 0.006327
28 0.367488 0.525692 0.003110 0.006359
28 0.362994 0.525677 0.003103 0.006327
28 0.313763 0.525685 0.003103 0.006343
28 0.309247 0.525700 0.003080 0.006343
28 0.260008 0.525669 0.003110 0.006375
28 0.255541 0.525700 0.003140 0.006343
28 0.206295 0.525677 0.003095 0.006390
28 0.201798 0.525677 0.003110 0.006327
28 0.152544 0.525692 0.003125 0.006327
28 0.148051 0.525661 0.003118 0.006327
28 0.095670 0.534063 0.003077 0.006357