6 0.112014 0.426288 0.003070 0.005084
6 0.108383 0.437556 0.002376 0.006044
6 0.133146 0.426316 0.003044 0.005140
6 0.136853 0.437604 0.002458 0.006068
6 0.271132 0.437589 0.002439 0.006132
6 0.274967 0.426222 0.002969 0.004936
6 0.294381 0.426203 0.002955 0.004962
6 0.298134 0.437517 0.002580 0.006054
6 0.324881 0.437563 0.002449 0.006105
6 0.328628 0.426174 0.003007 0.004976
6 0.348091 0.426204 0.002969 0.004876
6 0.351885 0.437534 0.002440 0.005968
6 0.378610 0.437545 0.002360 0.006013
6 0.382441 0.426223 0.003008 0.005028
6 0.405641 0.437566 0.002378 0.006055
6 0.401810 0.426272 0.002906 0.005170
6 0.432322 0.437536 0.002425 0.006073
6 0.436175 0.426202 0.002978 0.005098
6 0.455548 0.426155 0.002996 0.005023
6 0.459343 0.437554 0.002441 0.006038
6 0.486072 0.437555 0.002480 0.006135
6 0.489901 0.426280 0.002980 0.005077
6 0.509288 0.426213 0.002873 0.004951
6 0.513120 0.437571 0.002387 0.005968
6 0.647276 0.437500 0.002465 0.006131
6 0.651051 0.426185 0.003042 0.004999
6 0.670621 0.426243 0.002954 0.005097
6 0.674262 0.437582 0.002387 0.006116
6 0.707307 0.437577 0.002397 0.005995
6 0.710989 0.426224 0.002991 0.005051
6 0.707307 0.557231 0.002452 0.006068
2 0.714674 0.542085 0.002891 0.006313
6 0.710905 0.568335 0.002835 0.005377
6 0.674194 0.557203 0.002473 0.006168
6 0.670683 0.568439 0.002865 0.005584
6 0.651017 0.568390 0.002890 0.005435
6 0.647250 0.557232 0.002426 0.006219
6 0.593539 0.557236 0.002425 0.006138
6 0.597321 0.568387 0.002940 0.005436
6 0.616735 0.568422 0.002936 0.005710
6 0.620428 0.557202 0.002510 0.006412
6 0.566785 0.557155 0.002364 0.006105
6 0.563016 0.568407 0.002901 0.005553
6 0.543598 0.568416 0.002895 0.005483
6 0.539811 0.557231 0.002392 0.006319
6 0.513012 0.557191 0.002430 0.006100
6 0.509299 0.568421 0.002896 0.005555
6 0.489845 0.568365 0.002926 0.005553
6 0.486053 0.557236 0.002348 0.006203
6 0.459289 0.557252 0.002462 0.006011
6 0.455513 0.568397 0.002960 0.005460
6 0.436108 0.568368 0.002909 0.005373
6 0.432362 0.557253 0.002412 0.006229
6 0.405526 0.557172 0.002474 0.006182
6 0.401819 0.568406 0.002909 0.005549
6 0.382402 0.568360 0.002932 0.005488
6 0.378619 0.557208 0.002419 0.006135
6 0.324842 0.557266 0.002426 0.006173
6 0.328642 0.568349 0.002925 0.005538
6 0.348097 0.568393 0.002930 0.005539
6 0.351827 0.557122 0.002407 0.006237
6 0.298110 0.557213 0.002463 0.006115
6 0.294355 0.568421 0.002940 0.005551
6 0.274952 0.568444 0.002918 0.005413
6 0.271154 0.557215 0.002397 0.006097
6 0.240607 0.568446 0.002947 0.005649
6 0.244388 0.557178 0.002349 0.006165
6 0.221221 0.568352 0.002929 0.005443
6 0.217432 0.557256 0.002404 0.006282
6 0.190683 0.557178 0.002408 0.006205
6 0.186890 0.568421 0.002934 0.005629
6 0.167435 0.568421 0.002981 0.005565
6 0.163692 0.557247 0.002418 0.006215
6 0.136916 0.557288 0.002383 0.006114
6 0.133166 0.568444 0.002921 0.005574
6 0.111991 0.568440 0.002940 0.005121
6 0.108397 0.557145 0.002501 0.006186
2 0.714683 0.452714 0.002888 0.006311
25 0.186260 0.382355 0.004234 0.004410
25 0.186264 0.440850 0.004250 0.004423
25 0.597957 0.440849 0.004244 0.004425
25 0.597948 0.382338 0.004248 0.004449
23 0.101911 0.456881 0.001599 0.014679
23 0.142607 0.456894 0.001575 0.014549
23 0.265470 0.456881 0.001599 0.014575
23 0.303810 0.456868 0.001587 0.014601
23 0.319187 0.456881 0.001587 0.014627
23 0.357527 0.456894 0.001575 0.014601
23 0.372948 0.456881 0.001612 0.014575
23 0.411251 0.456881 0.001575 0.014575
23 0.426654 0.456894 0.001575 0.014601
23 0.464988 0.456868 0.001599 0.014601
23 0.480409 0.456894 0.001612 0.014601
23 0.518718 0.456881 0.001562 0.014627
23 0.641587 0.456894 0.001575 0.014601
23 0.681495 0.456881 0.001599 0.014575
23 0.700059 0.456881 0.001575 0.014627
34 0.186309 0.497369 0.002334 0.009129
34 0.186272 0.393860 0.002315 0.009086
34 0.597951 0.393876 0.002319 0.009208
34 0.597963 0.497376 0.002365 0.009154
33 0.094985 0.211133 0.006496 0.013899
33 0.094968 0.788305 0.006623 0.013952
33 0.557595 0.818132 0.004237 0.008921
33 0.557595 0.956062 0.004257 0.008985
33 0.748241 0.818031 0.004247 0.008890
33 0.748241 0.956022 0.004283 0.008928