9 0.096368 0.471527 0.003135 0.006315
8 0.121047 0.445305 0.002958 0.006543
8 0.125806 0.445377 0.002941 0.006546
9 0.111953 0.435177 0.003026 0.006495
9 0.147345 0.471604 0.003049 0.006293
9 0.260713 0.471503 0.003058 0.006207
8 0.282204 0.445369 0.003008 0.006470
8 0.287036 0.445295 0.002991 0.006685
9 0.308562 0.471435 0.003093 0.006174
9 0.314425 0.471500 0.003132 0.006271
8 0.335992 0.445297 0.003040 0.006473
8 0.340748 0.445362 0.002891 0.006560
9 0.362258 0.471496 0.003112 0.006273
9 0.368183 0.471488 0.003145 0.006311
8 0.389711 0.445306 0.002951 0.006480
8 0.394502 0.445330 0.002921 0.006586
9 0.416029 0.471467 0.003070 0.006371
9 0.421936 0.471482 0.003012 0.006279
8 0.443444 0.445308 0.002863 0.006595
8 0.448217 0.445342 0.002936 0.006725
9 0.469690 0.471473 0.003151 0.006235
9 0.475638 0.471472 0.003151 0.006268
8 0.497191 0.445323 0.002900 0.006548
8 0.501982 0.445351 0.002882 0.006585
9 0.523488 0.471486 0.003030 0.006214
9 0.636836 0.471525 0.003137 0.006188
8 0.658334 0.445355 0.002960 0.006467
8 0.663152 0.445389 0.002944 0.006399
9 0.687815 0.471536 0.003043 0.006209
9 0.693715 0.471530 0.003144 0.006274
8 0.720016 0.445389 0.002964 0.006463
8 0.720041 0.549430 0.002913 0.006626
9 0.687792 0.523403 0.003053 0.006312
9 0.693718 0.523374 0.003053 0.006076
8 0.658420 0.549422 0.002862 0.006572
8 0.663134 0.549522 0.002849 0.006601
9 0.630927 0.523299 0.003094 0.006433
9 0.636878 0.523388 0.003061 0.006214
8 0.604617 0.549389 0.002882 0.006650
8 0.609425 0.549547 0.002907 0.006650
9 0.577226 0.523347 0.003083 0.006280
9 0.583120 0.523423 0.003112 0.006189
8 0.550912 0.549436 0.002971 0.006716
8 0.555660 0.549508 0.002890 0.006458
9 0.523460 0.523397 0.003090 0.006269
8 0.497158 0.549377 0.002980 0.006416
8 0.501939 0.549475 0.002874 0.006500
9 0.469737 0.523323 0.003079 0.006320
9 0.475634 0.523339 0.003158 0.006157
8 0.443465 0.549359 0.002914 0.006713
8 0.448185 0.549474 0.002823 0.006704
9 0.415972 0.523337 0.003227 0.006220
9 0.421954 0.523362 0.003161 0.006191
8 0.389726 0.549408 0.002955 0.006572
8 0.394480 0.549477 0.002865 0.006536
9 0.362286 0.523261 0.003083 0.006371
9 0.368174 0.523352 0.003172 0.006259
8 0.336023 0.549369 0.003002 0.006481
8 0.340777 0.549452 0.002811 0.006452
9 0.308529 0.523297 0.003203 0.006280
9 0.314502 0.523334 0.003059 0.006220
8 0.282256 0.549410 0.002911 0.006514
8 0.287038 0.549548 0.002883 0.006750
9 0.254795 0.523296 0.003163 0.006277
8 0.228541 0.549304 0.002906 0.006520
8 0.233288 0.549489 0.002860 0.006539
9 0.201061 0.523269 0.003218 0.006194
9 0.207024 0.523371 0.003110 0.006353
8 0.174795 0.549367 0.002917 0.006607
8 0.179557 0.549541 0.002896 0.006694
9 0.147337 0.523306 0.003078 0.006288
9 0.153268 0.523250 0.003130 0.006511
8 0.121093 0.549453 0.002953 0.006579
8 0.125799 0.549475 0.002911 0.006491
9 0.111994 0.559581 0.002971 0.006615
9 0.096378 0.523244 0.003122 0.006341