6 0.113288 0.528514 0.002876 0.005109
6 0.114529 0.528456 0.002808 0.005223
6 0.132377 0.528501 0.002787 0.005258
6 0.133613 0.528564 0.002896 0.005233
6 0.110387 0.508332 0.002361 0.006230
6 0.136553 0.508389 0.002360 0.006131
6 0.110407 0.423045 0.002349 0.006024
6 0.113258 0.402898 0.002838 0.005147
6 0.114453 0.402852 0.002860 0.005147
2 0.244371 0.313466 0.003035 0.006421
2 0.244351 0.373720 0.003028 0.006337
2 0.271189 0.373707 0.003024 0.006300
2 0.271211 0.313526 0.003079 0.006452
6 0.293620 0.402950 0.002929 0.005068
6 0.294790 0.402927 0.002918 0.004976
6 0.297679 0.423081 0.002437 0.006266
6 0.325325 0.423013 0.002384 0.006173
6 0.328152 0.402947 0.002893 0.005002
6 0.329387 0.402989 0.002880 0.005086
6 0.351504 0.423096 0.002269 0.006409
6 0.347357 0.403015 0.002956 0.004923
6 0.348498 0.402922 0.002927 0.005046
6 0.379074 0.423093 0.002376 0.005999
6 0.381981 0.402817 0.002921 0.004948
6 0.383188 0.402870 0.002807 0.004841
6 0.401082 0.402895 0.002834 0.004959
6 0.402248 0.402881 0.002914 0.004931
6 0.405230 0.423120 0.002297 0.006152
6 0.432745 0.423067 0.002378 0.006232
6 0.435690 0.402849 0.002932 0.004920
6 0.436901 0.402860 0.002823 0.004943
6 0.454805 0.402851 0.002793 0.005005
6 0.456008 0.402788 0.002892 0.004921
6 0.458954 0.423152 0.002271 0.006321
6 0.486562 0.423125 0.002656 0.006322
6 0.489378 0.402911 0.002847 0.004965
6 0.490604 0.402936 0.002812 0.004916
2 0.513043 0.373679 0.003027 0.006404
2 0.539822 0.373679 0.003045 0.006364
2 0.512961 0.313506 0.003066 0.006343
2 0.539892 0.313549 0.003009 0.006462
6 0.669697 0.403095 0.002940 0.005246
6 0.670886 0.402983 0.002880 0.005118
6 0.673875 0.423050 0.002375 0.006216
6 0.707720 0.423037 0.002351 0.006232
6 0.711869 0.402891 0.002850 0.004886
6 0.710705 0.402813 0.002943 0.004925
6 0.707733 0.508331 0.002297 0.006269
6 0.710663 0.528489 0.002867 0.005112
6 0.711854 0.528408 0.002850 0.005202
6 0.673816 0.508329 0.002340 0.006314
6 0.669692 0.528549 0.002780 0.005249
6 0.670927 0.528598 0.002860 0.005103
6 0.650624 0.528533 0.002893 0.004990
6 0.651827 0.528472 0.002765 0.005015
6 0.647680 0.508391 0.002250 0.006217
6 0.620117 0.508411 0.002287 0.006300
6 0.616001 0.528612 0.002816 0.005117
6 0.617176 0.528528 0.002941 0.004901
6 0.596908 0.528519 0.002858 0.005122
6 0.598101 0.528469 0.002764 0.005072
6 0.593980 0.508327 0.002437 0.006236
6 0.566285 0.508291 0.002380 0.006286
6 0.562236 0.528547 0.002827 0.005170
6 0.563446 0.528547 0.002947 0.005119
6 0.543125 0.528463 0.002903 0.005143
6 0.544346 0.528484 0.002726 0.005185
6 0.540186 0.508349 0.002316 0.006153
6 0.512555 0.508312 0.002451 0.006143
6 0.508508 0.528503 0.002768 0.005071
6 0.509713 0.528587 0.002874 0.005071
6 0.489408 0.528548 0.002924 0.005052
6 0.490651 0.528527 0.002797 0.005011
6 0.486462 0.508352 0.002363 0.006201
6 0.454731 0.528598 0.002782 0.005147
6 0.455973 0.528479 0.002946 0.005082
6 0.435691 0.528452 0.002917 0.005054
6 0.436879 0.528513 0.002814 0.005079
6 0.432708 0.508308 0.002381 0.006389
6 0.402233 0.528513 0.003005 0.005365
6 0.401012 0.528557 0.002838 0.005321
6 0.381990 0.528504 0.002893 0.005114
6 0.383146 0.528504 0.002774 0.005002
6 0.378953 0.508428 0.002370 0.006267
6 0.351407 0.508335 0.002384 0.006311
6 0.347304 0.528522 0.002765 0.005130
6 0.348481 0.528541 0.002953 0.005092
6 0.328224 0.528588 0.002854 0.005250
6 0.329420 0.528505 0.002786 0.005131
6 0.325278 0.508376 0.002341 0.006276
6 0.297688 0.508371 0.002326 0.006240
6 0.293564 0.528555 0.002839 0.005046
6 0.294778 0.528602 0.002897 0.005077
6 0.274470 0.528566 0.002897 0.005272
6 0.275710 0.528515 0.002802 0.005120
6 0.271562 0.508339 0.002327 0.006149
6 0.243932 0.508314 0.002368 0.006311
6 0.239827 0.528508 0.002783 0.005054
6 0.241041 0.528589 0.002897 0.005000
6 0.220762 0.528489 0.002905 0.005116
6 0.221967 0.528516 0.002827 0.005135
6 0.217832 0.508352 0.002320 0.006343
6 0.190226 0.508321 0.002365 0.006126
6 0.186132 0.528574 0.002756 0.005136
6 0.187314 0.528587 0.002971 0.005055
6 0.167022 0.528508 0.002872 0.005054
6 0.168235 0.528508 0.002808 0.005108
6 0.164104 0.508422 0.002394 0.006416