9 0.096774 0.439755 0.003140 0.006473
9 0.255142 0.286830 0.002986 0.006088
8 0.287069 0.433512 0.002963 0.006592
9 0.308550 0.439709 0.003025 0.006036
9 0.314428 0.439765 0.003130 0.006204
9 0.362248 0.439755 0.003079 0.006057
9 0.368187 0.439793 0.003102 0.006109
9 0.415991 0.439728 0.003107 0.006163
9 0.421944 0.439697 0.003062 0.006289
9 0.469732 0.439792 0.003126 0.006100
9 0.475663 0.439737 0.003109 0.006136
9 0.687841 0.439695 0.003091 0.006008
9 0.693756 0.439757 0.003139 0.006284
8 0.720032 0.433619 0.002935 0.006650
9 0.096404 0.491635 0.003109 0.006312
9 0.147375 0.491532 0.003073 0.006164
9 0.153223 0.491644 0.003099 0.006220
9 0.201080 0.491549 0.003002 0.006299
9 0.207029 0.491593 0.003050 0.006230
9 0.254833 0.491581 0.003152 0.006328
9 0.260728 0.491642 0.003122 0.006205
9 0.308515 0.491608 0.003163 0.006108
9 0.314462 0.491646 0.003055 0.006285
9 0.362250 0.491544 0.003204 0.006182
9 0.368223 0.491588 0.003064 0.006184
9 0.416008 0.491547 0.003041 0.006266
9 0.421952 0.491544 0.003126 0.006271
9 0.469724 0.491620 0.003082 0.006248
9 0.475700 0.491717 0.003076 0.006182
9 0.523494 0.491574 0.003088 0.006192
9 0.529423 0.491626 0.003112 0.006198
9 0.577276 0.491444 0.003116 0.006140
9 0.583141 0.491625 0.003029 0.006108
9 0.630952 0.491518 0.003064 0.006152
9 0.636879 0.491653 0.003036 0.006121
9 0.687841 0.491544 0.003059 0.006211
9 0.693763 0.491671 0.003117 0.006200
8 0.719997 0.497808 0.002932 0.006332
9 0.529206 0.286857 0.003080 0.006219