21 0.179122 0.371188 0.006209 0.010785
21 0.178574 0.386203 0.006063 0.010721
21 0.205167 0.470548 0.006063 0.010755
21 0.141105 0.575913 0.006089 0.010607
21 0.165032 0.591504 0.006089 0.010766
21 0.188271 0.588873 0.006066 0.010846
21 0.237723 0.496489 0.006071 0.010545
21 0.255268 0.580015 0.005948 0.010733
21 0.275163 0.562605 0.006059 0.010773
21 0.271629 0.660626 0.006087 0.010818
21 0.320123 0.527662 0.006100 0.010687
21 0.337421 0.605212 0.006102 0.010548
21 0.412788 0.574682 0.006206 0.010771
21 0.426287 0.515162 0.006073 0.010739
21 0.459499 0.567586 0.006033 0.010816
21 0.467931 0.567569 0.006196 0.010802
21 0.501205 0.515155 0.006084 0.010758
21 0.514697 0.574650 0.006186 0.010835
21 0.590097 0.605247 0.006057 0.010650
21 0.607408 0.527702 0.006096 0.010687
21 0.652369 0.562635 0.006044 0.010766
21 0.655947 0.660626 0.006181 0.010820
21 0.672276 0.580031 0.005997 0.010712
21 0.690038 0.496485 0.006036 0.010530
21 0.748444 0.371062 0.006074 0.010412
21 0.748958 0.386215 0.006096 0.010732
21 0.722347 0.470525 0.005981 0.010758
21 0.739285 0.588837 0.006023 0.010785
21 0.762494 0.591478 0.005967 0.010810
21 0.786414 0.575874 0.006113 0.010591
25 0.263109 0.511641 0.004051 0.015113
25 0.305295 0.384419 0.004189 0.015113
25 0.301957 0.592028 0.004163 0.015083
25 0.622173 0.384374 0.004088 0.015083
25 0.625566 0.592058 0.004158 0.015081
25 0.664404 0.511625 0.004037 0.015113
27 0.169496 0.591517 0.003709 0.015294
27 0.189350 0.531139 0.003756 0.015113
27 0.212077 0.494425 0.008524 0.006328
27 0.250684 0.578706 0.003848 0.015085
27 0.270503 0.562801 0.003837 0.015213
27 0.319956 0.535713 0.008547 0.006434
27 0.312220 0.408456 0.003686 0.015175
27 0.337308 0.613344 0.008561 0.006635
27 0.414024 0.534143 0.003834 0.015113
27 0.426287 0.523311 0.008507 0.006640
27 0.460619 0.534761 0.003692 0.015140
27 0.466834 0.534759 0.003806 0.015042
27 0.501178 0.523291 0.008614 0.006732
27 0.513501 0.534139 0.003793 0.015081
27 0.590211 0.613375 0.008478 0.006608
27 0.607567 0.535727 0.008513 0.006507
27 0.615344 0.408453 0.003757 0.015198
27 0.656959 0.562795 0.003870 0.015291
27 0.676832 0.578724 0.003787 0.015038
27 0.715412 0.494546 0.008504 0.006091
27 0.738119 0.531136 0.003837 0.015113
27 0.758017 0.591491 0.003674 0.015194
32 0.192007 0.385185 0.008547 0.007311
32 0.735526 0.385214 0.008496 0.007421