21 0.194490 0.254479 0.006099 0.010784
21 0.175602 0.300284 0.006121 0.010767
21 0.202274 0.384644 0.006096 0.010750
21 0.144206 0.490341 0.006057 0.010561
21 0.185292 0.501010 0.006073 0.010768
21 0.234630 0.410572 0.006105 0.010458
21 0.252320 0.494088 0.005952 0.010810
21 0.317192 0.416400 0.006069 0.010758
21 0.334455 0.519401 0.006079 0.010640
21 0.381795 0.517789 0.006090 0.010799
21 0.413117 0.416236 0.006124 0.010739
21 0.444323 0.504329 0.006090 0.010677
21 0.465137 0.529974 0.006024 0.010808
21 0.508486 0.416204 0.006070 0.010706
21 0.604443 0.416366 0.006060 0.010761
21 0.587152 0.519384 0.006070 0.010679
21 0.669353 0.494062 0.006096 0.010695
21 0.687004 0.410588 0.006087 0.010492
21 0.719422 0.384667 0.006019 0.010692
21 0.746019 0.300333 0.006111 0.010805
21 0.736402 0.501014 0.006000 0.010772
21 0.777447 0.490324 0.006041 0.010519
25 0.302382 0.298488 0.004148 0.015196
25 0.286979 0.409690 0.008704 0.007371
25 0.404712 0.516353 0.008625 0.007539
25 0.424096 0.503013 0.008596 0.007441
25 0.497964 0.502052 0.008625 0.007361
25 0.634691 0.409729 0.008607 0.007396
25 0.619212 0.298467 0.004151 0.015221
27 0.209124 0.408425 0.008595 0.006327
27 0.186408 0.445196 0.003818 0.015251
27 0.247719 0.492837 0.003717 0.015228
27 0.309186 0.317383 0.003711 0.015235
27 0.316960 0.408598 0.008511 0.006462
27 0.334356 0.527434 0.008635 0.006764
27 0.413024 0.408486 0.008501 0.006732
27 0.508595 0.408499 0.008547 0.006819
27 0.587262 0.527417 0.008636 0.006699
27 0.604612 0.408622 0.008613 0.006427
27 0.612410 0.317344 0.003828 0.015194
27 0.673849 0.492819 0.003794 0.015277
27 0.712476 0.408432 0.008613 0.006258
27 0.735212 0.445237 0.003822 0.015255
21 0.727211 0.254437 0.006053 0.010637