25 0.280408 0.467129 0.008616 0.007373
25 0.301921 0.355472 0.004268 0.015260
25 0.321907 0.355434 0.004225 0.015286
21 0.296023 0.325476 0.006091 0.010434
21 0.611673 0.325479 0.006110 0.010469
25 0.585813 0.355428 0.004162 0.015225
25 0.605872 0.355422 0.004212 0.015175
25 0.627356 0.467126 0.008618 0.007418
32 0.280757 0.340405 0.008581 0.007481
32 0.626943 0.340391 0.008642 0.007409
31 0.220082 0.500845 0.003453 0.006131
31 0.249319 0.500845 0.003512 0.006348
31 0.658413 0.500905 0.003621 0.006309
31 0.687654 0.500826 0.003541 0.006220