23 0.246068 0.352980 0.013960 0.005642
23 0.246083 0.407990 0.013932 0.005743
21 0.307441 0.316553 0.006038 0.010738
21 0.334367 0.413805 0.006010 0.010652
27 0.335520 0.338384 0.003731 0.015221
21 0.575999 0.413834 0.006004 0.010714
21 0.602918 0.316531 0.006060 0.010646
27 0.574913 0.338382 0.003752 0.015202
23 0.664273 0.352943 0.013951 0.005704
23 0.664282 0.407918 0.013892 0.005703
38 0.234783 0.332290 0.006025 0.010586
38 0.234772 0.426127 0.006036 0.010496
38 0.675580 0.332265 0.006028 0.010460
38 0.675538 0.426115 0.006066 0.010524