21 0.136752 0.248372 0.005781 0.010659
25 0.125048 0.268988 0.008547 0.007420
21 0.143593 0.295040 0.006053 0.010637
21 0.180052 0.319735 0.005649 0.010683
21 0.160109 0.390260 0.006042 0.010857
27 0.188379 0.418506 0.008777 0.006500
21 0.127741 0.464391 0.006168 0.010194
27 0.172516 0.474535 0.003793 0.015301
21 0.196831 0.504165 0.005920 0.011205
21 0.234604 0.379367 0.006191 0.010130
21 0.268799 0.450522 0.006047 0.010531
21 0.318237 0.379502 0.005917 0.010194
27 0.287775 0.291077 0.003816 0.015293
25 0.281245 0.267037 0.004274 0.015255
21 0.373406 0.329280 0.005983 0.010579
21 0.383728 0.385487 0.006246 0.010463
27 0.383794 0.377640 0.008744 0.006626
21 0.442652 0.379230 0.006140 0.010336
21 0.407579 0.448278 0.005845 0.010683
21 0.351059 0.442575 0.005838 0.010856
21 0.476845 0.422757 0.005810 0.010273
21 0.500504 0.448708 0.006002 0.010528
21 0.548089 0.466578 0.005729 0.010961
27 0.543510 0.466702 0.004086 0.015030
21 0.585822 0.398405 0.006058 0.010629
21 0.630099 0.469350 0.005579 0.010769
27 0.625419 0.469201 0.003733 0.015208
27 0.665058 0.493866 0.008648 0.006312
21 0.664957 0.502000 0.005933 0.009957
21 0.605413 0.527706 0.005894 0.010422
21 0.700396 0.429167 0.006299 0.010131
27 0.700443 0.437395 0.008547 0.006325
27 0.708859 0.458144 0.003649 0.015113
21 0.713478 0.457999 0.005457 0.010637
21 0.784882 0.450851 0.006035 0.010075
21 0.725888 0.339242 0.005664 0.010660
27 0.730769 0.339259 0.003913 0.015204
21 0.743181 0.268615 0.005925 0.010657
25 0.747948 0.240286 0.008853 0.007707
21 0.736058 0.216140 0.005839 0.010474
21 0.270322 0.553175 0.005819 0.010852
21 0.248656 0.513950 0.006072 0.010121
27 0.269057 0.509163 0.003867 0.015455
27 0.184644 0.319656 0.003704 0.015314
25 0.266484 0.377729 0.008688 0.007307
25 0.622764 0.285703 0.004387 0.015314
27 0.616323 0.309803 0.003857 0.015297
25 0.637509 0.396507 0.008439 0.007556
27 0.521062 0.396425 0.008547 0.006585