21 0.136701 0.254165 0.006231 0.010055
25 0.125157 0.269006 0.008683 0.007466
21 0.143716 0.280025 0.006027 0.010717
21 0.179908 0.319559 0.005833 0.010480
27 0.184712 0.319669 0.003837 0.015113
21 0.171356 0.429706 0.005900 0.010699
27 0.172461 0.452065 0.003622 0.015433
27 0.127773 0.462505 0.008547 0.006198
21 0.127797 0.470655 0.006002 0.010273
21 0.194460 0.416485 0.005939 0.010112
25 0.208992 0.401178 0.004126 0.015228
21 0.239905 0.379357 0.006061 0.009869
25 0.266513 0.377692 0.008593 0.007638
25 0.288490 0.401172 0.003992 0.015311
21 0.316289 0.416557 0.006027 0.010221
27 0.210991 0.467687 0.008671 0.006279
21 0.222202 0.479551 0.005574 0.010878
21 0.246253 0.470461 0.005781 0.010659
21 0.254958 0.520643 0.005810 0.011260
27 0.247500 0.529484 0.003631 0.015113
21 0.246186 0.564780 0.005831 0.010805
21 0.315640 0.513953 0.006073 0.010075
21 0.351117 0.456328 0.005698 0.010481
21 0.384956 0.416580 0.005993 0.010236
27 0.397929 0.418651 0.008637 0.006552
27 0.406400 0.468594 0.003773 0.015349
21 0.411141 0.468742 0.005442 0.010921
21 0.439255 0.422668 0.006037 0.010075
27 0.476624 0.396117 0.008620 0.006781
21 0.500639 0.432905 0.005993 0.011030
21 0.534441 0.417997 0.006105 0.010422
21 0.548119 0.466553 0.005739 0.010639
27 0.543460 0.466663 0.003888 0.015331
25 0.577944 0.418706 0.004311 0.015046
21 0.612263 0.398335 0.006021 0.010365
25 0.637495 0.396449 0.008656 0.007428
25 0.661063 0.418661 0.004193 0.015113
27 0.700441 0.437437 0.008363 0.006500
21 0.700441 0.428987 0.006066 0.009588
27 0.708772 0.458004 0.003712 0.015173
21 0.713505 0.458004 0.005482 0.010958
27 0.664985 0.493828 0.008610 0.006322
21 0.664995 0.502020 0.006178 0.009763
21 0.668311 0.480203 0.006091 0.009800
21 0.784910 0.450876 0.006113 0.010108
21 0.616408 0.583511 0.005838 0.010696
27 0.617593 0.548140 0.003637 0.015159
21 0.616394 0.489186 0.005722 0.010411
21 0.567895 0.521783 0.005718 0.010589
27 0.563275 0.521730 0.003581 0.015059
27 0.363597 0.507027 0.003924 0.015348
27 0.361252 0.331265 0.003346 0.015113
21 0.365909 0.331229 0.005564 0.010764
25 0.281236 0.267079 0.004274 0.015190
27 0.287779 0.291150 0.003436 0.015190
21 0.726056 0.339340 0.005576 0.010637
27 0.730714 0.339340 0.003815 0.015307
21 0.743052 0.268856 0.005857 0.010780
21 0.735397 0.225374 0.006043 0.010107
25 0.747972 0.240439 0.008874 0.007508
25 0.622743 0.285741 0.004299 0.015470
27 0.616396 0.309841 0.004046 0.015381
27 0.632742 0.449018 0.008547 0.006626