6 0.237321 0.415160 0.005357 0.008586
6 0.297963 0.415895 0.006076 0.007569
5 0.242118 0.468425 0.006156 0.007569
6 0.274058 0.466392 0.006076 0.007569
5 0.299642 0.468256 0.006076 0.007456
5 0.268222 0.545527 0.006236 0.007456
7 0.282093 0.533947 0.006156 0.007795
6 0.441905 0.585627 0.006084 0.007585
5 0.504951 0.552674 0.006442 0.007417
7 0.518789 0.533964 0.006203 0.007754
6 0.431467 0.525115 0.006203 0.007922
5 0.437968 0.520480 0.006322 0.007417
5 0.475187 0.520143 0.006084 0.007417
7 0.447470 0.454924 0.006121 0.007116
6 0.469357 0.436697 0.006198 0.007663
5 0.462113 0.436149 0.006121 0.007663
6 0.491679 0.403273 0.006263 0.007417
7 0.670822 0.455022 0.006070 0.007454
1 0.237122 0.443918 0.005198 0.007344
1 0.302442 0.443769 0.005338 0.007245
1 0.247833 0.497261 0.005127 0.007443
1 0.283338 0.497361 0.005198 0.007443
1 0.318990 0.497223 0.005029 0.007184
1 0.354364 0.497230 0.005163 0.007387
1 0.389842 0.497226 0.005281 0.007175
1 0.425423 0.497232 0.005010 0.007352
1 0.460899 0.497278 0.005045 0.007352
1 0.496401 0.497265 0.005134 0.007254
1 0.531822 0.497194 0.005010 0.007252
1 0.567370 0.497159 0.005189 0.007248
1 0.602803 0.497247 0.005196 0.007604
1 0.638352 0.497130 0.005098 0.007500
1 0.673826 0.497193 0.005026 0.007170