1 0.237118 0.443848 0.005150 0.007129
1 0.302380 0.443935 0.005246 0.007127
1 0.247813 0.497236 0.005075 0.007447
1 0.283221 0.497290 0.005028 0.007250
1 0.318990 0.497184 0.005029 0.007262
1 0.354441 0.497250 0.005028 0.007181
1 0.389917 0.497252 0.005040 0.007184
1 0.425386 0.497261 0.005218 0.007305
1 0.460909 0.497232 0.005093 0.007348
1 0.496420 0.497283 0.005326 0.007274
1 0.531826 0.497283 0.005040 0.007246
1 0.567374 0.497290 0.005155 0.007394
1 0.602826 0.497177 0.004994 0.007191
1 0.638355 0.497085 0.005152 0.007108
1 0.673841 0.497171 0.005091 0.007108
23 0.277237 0.621533 0.003778 0.021009
23 0.277267 0.591338 0.003793 0.020988
23 0.277201 0.561339 0.003736 0.020870
23 0.449916 0.370746 0.003679 0.020735
23 0.449919 0.400877 0.003734 0.020697
23 0.449973 0.430970 0.003758 0.020824
23 0.677689 0.370740 0.003784 0.020867
23 0.677703 0.400979 0.003533 0.020694
23 0.677697 0.430906 0.003807 0.021098
23 0.513818 0.621488 0.003722 0.021001
23 0.513833 0.591375 0.003807 0.020867
23 0.513777 0.561359 0.003718 0.020791