5 0.268264 0.609885 0.006143 0.007757
7 0.282053 0.598342 0.006143 0.007387
6 0.242695 0.532742 0.006067 0.007356
6 0.248048 0.469631 0.005120 0.008519
6 0.252914 0.441673 0.005368 0.008213
6 0.299541 0.532711 0.006070 0.007107
6 0.298334 0.473393 0.006068 0.007276
7 0.447424 0.519378 0.006102 0.007352
5 0.462119 0.500599 0.006099 0.007561
6 0.480537 0.532698 0.006132 0.007079
6 0.516970 0.467437 0.006136 0.007393
7 0.670887 0.519284 0.006168 0.007313
1 0.673866 0.561627 0.005030 0.007107
1 0.638341 0.561709 0.005203 0.007270
1 0.602821 0.561692 0.005144 0.007395
1 0.567369 0.561653 0.005217 0.007308
1 0.531835 0.561653 0.005197 0.007287
1 0.496351 0.561617 0.005076 0.007283
1 0.460837 0.561640 0.005140 0.007201
1 0.425346 0.561618 0.005096 0.007201
1 0.389824 0.561615 0.005083 0.007304
1 0.354409 0.561681 0.005277 0.007230
1 0.318951 0.561681 0.005037 0.007456
1 0.283448 0.561645 0.005295 0.007160
1 0.247802 0.561637 0.005188 0.007236
6 0.431477 0.589256 0.006198 0.007378
5 0.438090 0.584602 0.006149 0.007447
5 0.475220 0.584626 0.006133 0.007463
7 0.518697 0.598340 0.006066 0.007358
5 0.504903 0.617073 0.005992 0.007510
1 0.261223 0.472574 0.005148 0.007191
1 0.261227 0.522769 0.005128 0.006996
6 0.441991 0.649969 0.006097 0.007814
23 0.513811 0.625729 0.003824 0.020959
23 0.513778 0.655771 0.003817 0.021070
23 0.513830 0.685901 0.003853 0.020902
23 0.277183 0.625626 0.003717 0.020893
23 0.277186 0.655903 0.003758 0.020978
23 0.277180 0.685938 0.003599 0.020903
23 0.449908 0.435255 0.003802 0.020863
23 0.449891 0.465186 0.003758 0.020837
23 0.449853 0.495324 0.003739 0.021023
23 0.677685 0.435227 0.003923 0.020770
23 0.677711 0.465163 0.003839 0.020933
23 0.677751 0.495267 0.003776 0.021080