1 0.682061 0.676759 0.005180 0.007235
1 0.448152 0.423362 0.005024 0.007219
1 0.448140 0.469594 0.005245 0.007028
1 0.297770 0.406024 0.005139 0.007340
1 0.269298 0.405956 0.005134 0.007254
1 0.240401 0.418760 0.005194 0.007338
1 0.240385 0.465545 0.004974 0.007181
1 0.269352 0.456072 0.005110 0.007150
1 0.297792 0.456103 0.005074 0.006967
1 0.269254 0.506241 0.005238 0.007079
1 0.297790 0.506370 0.005101 0.007337
1 0.247876 0.549327 0.005010 0.007417
1 0.283403 0.549304 0.005029 0.007184
1 0.318902 0.549432 0.005127 0.007326
1 0.354342 0.549298 0.005090 0.007259
1 0.389915 0.549351 0.005028 0.007329
1 0.425352 0.549331 0.004978 0.007240
1 0.460889 0.549231 0.004994 0.006990
1 0.496386 0.549369 0.004996 0.007243
1 0.531905 0.549365 0.004994 0.007393
1 0.567379 0.549334 0.005030 0.007188
1 0.602825 0.549333 0.005077 0.007384
1 0.638269 0.549313 0.005010 0.007288
1 0.673807 0.549389 0.005134 0.007403
1 0.228566 0.676852 0.005119 0.007079
23 0.478606 0.428657 0.011695 0.003813
23 0.478642 0.461045 0.011656 0.003787
23 0.645163 0.422926 0.003700 0.020830
23 0.645163 0.452945 0.003931 0.020585
23 0.645118 0.483207 0.003621 0.020928
23 0.674102 0.407239 0.011838 0.003679
23 0.674113 0.443976 0.011815 0.003722
26 0.518883 0.411856 0.014631 0.007061
26 0.518856 0.456862 0.014445 0.007240
26 0.552809 0.456695 0.014551 0.007079
26 0.552793 0.411843 0.014642 0.007140
26 0.586582 0.411922 0.014555 0.007259
26 0.620563 0.411842 0.014692 0.006984
26 0.620514 0.456692 0.014597 0.007127
26 0.586617 0.456698 0.014624 0.007054
26 0.518930 0.501576 0.014649 0.007135
26 0.552787 0.501579 0.014528 0.007185
26 0.586650 0.501528 0.014657 0.007291
26 0.620497 0.501622 0.014630 0.007315