7 0.154003 0.310869 0.004956 0.005961
6 0.194390 0.255677 0.004984 0.005841
6 0.257767 0.240086 0.004996 0.006023
6 0.432816 0.240119 0.004814 0.006056
6 0.496128 0.255707 0.004975 0.005911
7 0.536528 0.310887 0.004984 0.005898
6 0.705478 0.255745 0.005010 0.005868
7 0.665093 0.310891 0.004935 0.005932
6 0.768888 0.240092 0.005010 0.006008
24 0.177257 0.225202 0.005000 0.007064
24 0.237608 0.226043 0.005043 0.007149
24 0.452919 0.226038 0.005022 0.007241
24 0.513238 0.225202 0.004968 0.006984
33 0.217510 0.238930 0.005073 0.007249
33 0.473027 0.238922 0.005048 0.007148
33 0.728598 0.238957 0.005058 0.007175