4 0.114220 0.168203 0.005088 0.007190
5 0.115248 0.193797 0.004955 0.005835
4 0.124271 0.219227 0.005102 0.007184
6 0.120081 0.220619 0.004900 0.006064
4 0.151466 0.203344 0.005076 0.007137
6 0.167519 0.208211 0.004955 0.006031
4 0.155602 0.278151 0.005099 0.007176
5 0.175764 0.256057 0.004877 0.006059
4 0.109486 0.290281 0.005102 0.007209
6 0.114536 0.264671 0.005023 0.005914
4 0.197002 0.267251 0.005067 0.007231
5 0.181621 0.256055 0.004894 0.006140
5 0.228704 0.226281 0.004901 0.005881
5 0.203139 0.189974 0.005062 0.006082
4 0.232507 0.267303 0.005100 0.007167
5 0.247904 0.256063 0.004900 0.006078
4 0.273929 0.278144 0.005092 0.007173
5 0.253774 0.256078 0.004876 0.006120
4 0.320054 0.290255 0.005109 0.007149
6 0.315005 0.264668 0.004967 0.005975
4 0.278095 0.203312 0.005094 0.007180
6 0.262067 0.208177 0.004918 0.006129
5 0.262021 0.211195 0.004845 0.005887
4 0.305277 0.219230 0.005069 0.007109
6 0.309445 0.220622 0.004894 0.006083
4 0.315339 0.168207 0.005078 0.007223
5 0.314302 0.193759 0.004959 0.005855
4 0.365060 0.290288 0.005076 0.007145
6 0.370103 0.264686 0.004985 0.005960
4 0.411193 0.278112 0.005054 0.007118
5 0.431322 0.256065 0.004981 0.005999
4 0.452597 0.267276 0.005051 0.007194
5 0.437166 0.256077 0.004883 0.006050
4 0.407025 0.203317 0.005116 0.007154
6 0.422978 0.208175 0.004826 0.006074
5 0.422985 0.211155 0.004839 0.005883
4 0.379823 0.219214 0.005121 0.007157
6 0.375669 0.220632 0.004844 0.006142
4 0.369764 0.168222 0.005082 0.007153
5 0.370801 0.193768 0.005005 0.005897
5 0.456391 0.226236 0.004883 0.005954
5 0.482004 0.189995 0.004950 0.006109
5 0.167514 0.211117 0.004937 0.005802
4 0.488072 0.267231 0.005067 0.007208
5 0.503507 0.256069 0.005002 0.006083
4 0.529473 0.278122 0.005097 0.007177
5 0.509346 0.256051 0.004847 0.006065
4 0.575637 0.290268 0.005094 0.007180
6 0.570558 0.264645 0.004947 0.006025
4 0.533624 0.203329 0.005054 0.007233
6 0.517642 0.208177 0.004864 0.006012
5 0.517642 0.211155 0.004864 0.005974
4 0.560848 0.219237 0.005076 0.007122
6 0.564992 0.220619 0.004825 0.006133
4 0.570883 0.168236 0.005082 0.007207
5 0.569844 0.193803 0.004929 0.005931
4 0.620579 0.290268 0.005119 0.007180
6 0.625671 0.264679 0.004973 0.005908
4 0.666721 0.278129 0.005054 0.007169
5 0.686912 0.256044 0.005021 0.006097
4 0.708133 0.267241 0.005091 0.007194
5 0.692774 0.256056 0.004831 0.006106
4 0.662588 0.203326 0.005076 0.007173
6 0.678575 0.208202 0.004932 0.006000
5 0.678589 0.211233 0.004903 0.005877
4 0.635391 0.219250 0.005096 0.007201
6 0.631208 0.220604 0.004883 0.006126
4 0.625330 0.168194 0.005093 0.007221
5 0.626376 0.193773 0.004986 0.005849
4 0.743634 0.267261 0.005108 0.007235
5 0.759033 0.256080 0.004920 0.006011
4 0.785027 0.278145 0.005082 0.007156
5 0.764926 0.256060 0.004849 0.006061
4 0.831180 0.290275 0.005088 0.007213
6 0.826120 0.264674 0.004958 0.006009
4 0.789151 0.203305 0.005096 0.007181
6 0.773185 0.208187 0.004919 0.006064
5 0.773176 0.211143 0.004919 0.005967
4 0.816380 0.219224 0.005059 0.007200
6 0.820592 0.220582 0.004930 0.006061
4 0.826470 0.168182 0.005059 0.007195
5 0.825406 0.193786 0.004938 0.005908
4 0.114227 0.646466 0.005071 0.007218
5 0.115241 0.672065 0.004983 0.005930
4 0.124281 0.697437 0.005084 0.007184
6 0.120088 0.698890 0.004842 0.006023
4 0.151455 0.681576 0.005074 0.007170
6 0.167506 0.686428 0.004974 0.006038
5 0.167507 0.689422 0.004964 0.005867
4 0.155596 0.756373 0.005073 0.007168
5 0.175754 0.734306 0.004876 0.006054
4 0.109469 0.768505 0.005104 0.007149
6 0.114562 0.742835 0.004980 0.006019
4 0.196436 0.764736 0.005111 0.007187
5 0.181596 0.779048 0.004886 0.006092
5 0.212338 0.718693 0.004843 0.005992
5 0.217212 0.718710 0.004924 0.005974
4 0.233128 0.764705 0.005122 0.007166
5 0.247925 0.779037 0.004900 0.006103
4 0.273920 0.756391 0.005104 0.007212
5 0.253785 0.734335 0.004849 0.005977
4 0.278092 0.681573 0.005078 0.007219
4 0.320060 0.768526 0.005105 0.007192
6 0.315006 0.742870 0.004936 0.006009
6 0.262096 0.686438 0.004870 0.006091
5 0.262097 0.689409 0.004853 0.005925
4 0.305290 0.697481 0.005047 0.007235
6 0.309403 0.698883 0.004861 0.006089
4 0.315331 0.646462 0.005085 0.007213
5 0.314283 0.672016 0.004923 0.005878
5 0.203117 0.668243 0.004973 0.006019
5 0.228706 0.704536 0.004934 0.005794
4 0.365030 0.768524 0.005058 0.007147
6 0.370097 0.742877 0.004929 0.005970
4 0.411164 0.756393 0.005037 0.007173
5 0.431352 0.734327 0.004974 0.006054
4 0.407005 0.681571 0.005141 0.007172
6 0.423003 0.686434 0.004906 0.006051
5 0.423003 0.689359 0.004906 0.005891
4 0.379812 0.697482 0.005059 0.007211
6 0.375680 0.698885 0.004824 0.006068
4 0.369777 0.646467 0.005130 0.007195
5 0.370804 0.672031 0.004988 0.005905
4 0.451994 0.764741 0.005153 0.007228
5 0.437207 0.779040 0.004803 0.006147
5 0.467881 0.718707 0.004907 0.005946
5 0.472747 0.718710 0.004862 0.005950
5 0.456403 0.704566 0.004825 0.005798
5 0.481996 0.668230 0.004956 0.006116
4 0.488662 0.764739 0.005119 0.007110
5 0.503472 0.779038 0.004934 0.006045
4 0.529492 0.756386 0.005108 0.007241
5 0.509320 0.734320 0.004873 0.006084
4 0.575627 0.768560 0.005130 0.007169
6 0.570549 0.742881 0.004949 0.006049
4 0.533642 0.681598 0.005073 0.007197
6 0.517621 0.686432 0.004881 0.006112
5 0.517621 0.689394 0.004881 0.005856
4 0.560832 0.697481 0.005079 0.007231
6 0.564983 0.698893 0.004821 0.006084
4 0.570886 0.646479 0.005084 0.007184
5 0.569851 0.672038 0.004952 0.005839
4 0.620586 0.768557 0.005071 0.007197
6 0.625663 0.742870 0.004959 0.006003
4 0.666713 0.756351 0.005119 0.007192
5 0.686893 0.734321 0.004984 0.006043
4 0.662608 0.681609 0.005087 0.007145
6 0.678558 0.686415 0.004887 0.006021
5 0.678552 0.689373 0.004900 0.005865
4 0.635382 0.697501 0.005107 0.007195
6 0.631187 0.698888 0.004877 0.006025
4 0.625332 0.646424 0.005118 0.007118
5 0.626369 0.672046 0.004984 0.005835
4 0.707537 0.764721 0.005084 0.007242
5 0.692732 0.779029 0.004870 0.006123
5 0.723470 0.718736 0.004864 0.005907
5 0.728332 0.718747 0.004867 0.005967
4 0.744225 0.764759 0.005072 0.007231
5 0.759033 0.779024 0.004893 0.006137
4 0.785048 0.756375 0.005091 0.007194
5 0.764895 0.734355 0.004858 0.006000
4 0.831195 0.768526 0.005082 0.007219
6 0.826115 0.742883 0.004931 0.006119
4 0.789187 0.681575 0.005076 0.007153
6 0.773165 0.686420 0.004858 0.006054
5 0.773171 0.689431 0.004846 0.005955
4 0.816383 0.697474 0.005060 0.007107
6 0.820592 0.698871 0.004965 0.006048
4 0.826464 0.646440 0.005086 0.007164
5 0.825381 0.671984 0.004965 0.005786
5 0.739821 0.704549 0.004956 0.005741
5 0.714227 0.668206 0.004975 0.006074
4 0.725884 0.646867 0.005001 0.007105
5 0.738931 0.639062 0.004948 0.006085
4 0.758417 0.592965 0.005086 0.007233
5 0.767641 0.562381 0.004962 0.006039
4 0.470317 0.646880 0.005055 0.007206
5 0.457227 0.639056 0.004836 0.006071
4 0.437782 0.592983 0.005116 0.007202
5 0.428568 0.562435 0.004977 0.005864
4 0.214793 0.646865 0.005047 0.007131
5 0.227841 0.639105 0.004794 0.006112
4 0.247329 0.593037 0.005054 0.007159
5 0.256512 0.562442 0.004942 0.005824
5 0.714241 0.189979 0.004948 0.006106
5 0.739768 0.226295 0.004923 0.005851
33 0.186957 0.214889 0.005100 0.007156
33 0.214775 0.168649 0.005079 0.007177
33 0.244952 0.214878 0.005076 0.007172
33 0.440183 0.214872 0.005059 0.007118
33 0.470319 0.168612 0.005066 0.007177
33 0.498149 0.214888 0.005034 0.007127
33 0.698101 0.214908 0.005035 0.007166
33 0.725879 0.168604 0.005070 0.007148
33 0.756064 0.214870 0.005087 0.007155
33 0.186978 0.693135 0.005051 0.007137
33 0.244934 0.693155 0.005040 0.007177
33 0.210327 0.588547 0.005093 0.007169
33 0.214764 0.546288 0.005065 0.007139
33 0.440153 0.693168 0.005062 0.007184
33 0.498117 0.693121 0.005055 0.007129
33 0.474783 0.588547 0.005087 0.007172
33 0.470329 0.546273 0.005064 0.007123
33 0.698082 0.693166 0.005054 0.007141
33 0.756072 0.693104 0.005084 0.007131
33 0.721417 0.588544 0.005084 0.007166
33 0.725894 0.546285 0.005068 0.007205
31 0.207640 0.665964 0.003566 0.004995
31 0.229712 0.705879 0.003484 0.004966
31 0.455353 0.705862 0.003535 0.004936
31 0.477416 0.665955 0.003562 0.005055
31 0.718776 0.665942 0.003556 0.004980
31 0.740824 0.705853 0.003572 0.004938
31 0.207653 0.187675 0.003589 0.004913
31 0.229720 0.227594 0.003510 0.004938
31 0.455358 0.227608 0.003535 0.004979
31 0.477422 0.187673 0.003575 0.004903
31 0.718766 0.187672 0.003562 0.004939
31 0.740810 0.227596 0.003542 0.004939
38 0.135613 0.788784 0.005301 0.009881
38 0.293916 0.791146 0.005272 0.009324
38 0.391173 0.788998 0.005339 0.009397
38 0.549437 0.791186 0.005285 0.009326
38 0.646727 0.788787 0.005268 0.009778
38 0.805034 0.791175 0.005285 0.009359
38 0.135601 0.310545 0.005315 0.009836
38 0.293909 0.313114 0.005284 0.009725
38 0.391183 0.310518 0.005275 0.009738
38 0.549435 0.313102 0.005257 0.009688
38 0.646705 0.310540 0.005247 0.009763
38 0.805015 0.313106 0.005283 0.009763