4 0.109766 0.334270 0.005049 0.007079
4 0.151473 0.322166 0.005035 0.007186
4 0.192895 0.334754 0.005065 0.007235
4 0.236670 0.334716 0.005084 0.007197
4 0.278091 0.322186 0.005090 0.007159
4 0.319761 0.334296 0.005097 0.007203
4 0.365349 0.334333 0.005090 0.007136
4 0.407032 0.322157 0.005054 0.007222
4 0.448445 0.334736 0.005069 0.007155
4 0.492231 0.334717 0.005095 0.007175
4 0.533624 0.322173 0.005058 0.007146
4 0.575353 0.334314 0.005111 0.007195
4 0.620878 0.334331 0.005091 0.007153
4 0.662624 0.322189 0.005035 0.007194
4 0.704012 0.334726 0.005105 0.007237
4 0.747774 0.334733 0.005069 0.007181
4 0.789170 0.322169 0.005080 0.007193
4 0.830887 0.334307 0.005112 0.007161
4 0.197135 0.818800 0.005101 0.007207
4 0.166338 0.819619 0.005054 0.007233
4 0.110126 0.832950 0.005101 0.007208
4 0.143531 0.799956 0.005100 0.007174
4 0.103604 0.803703 0.005094 0.007227
4 0.102791 0.768518 0.005075 0.007170
4 0.122826 0.698384 0.005103 0.007230
4 0.142361 0.697554 0.005062 0.007174
4 0.161271 0.697549 0.005088 0.007190
4 0.233164 0.818754 0.005083 0.007210
4 0.262175 0.818758 0.005123 0.007196
4 0.285237 0.818776 0.005089 0.007221
4 0.320416 0.819181 0.005083 0.007231
4 0.328711 0.765268 0.005112 0.007175
4 0.307992 0.698377 0.005051 0.007244
4 0.452655 0.818747 0.005040 0.007122
4 0.423651 0.818770 0.005166 0.007220
4 0.400583 0.818762 0.005100 0.007206
4 0.365377 0.819172 0.005101 0.007184
4 0.357097 0.765260 0.005072 0.007097
4 0.370111 0.698375 0.005073 0.007200
4 0.488727 0.818717 0.005052 0.007168
4 0.518908 0.818751 0.005084 0.007256
4 0.575969 0.819140 0.005122 0.007174
4 0.542274 0.799975 0.005063 0.007154
4 0.584881 0.765254 0.005051 0.007137
4 0.524514 0.697534 0.005092 0.007173
4 0.543413 0.697522 0.005105 0.007213
4 0.563550 0.698393 0.005089 0.007243
4 0.708198 0.818740 0.005092 0.007222
4 0.679220 0.818747 0.005084 0.007121
4 0.655854 0.818745 0.005068 0.007161
4 0.620940 0.819213 0.005061 0.007151
4 0.612068 0.765269 0.005072 0.007149
4 0.625684 0.698385 0.005062 0.007197
4 0.695760 0.647801 0.005073 0.007168
4 0.744267 0.818758 0.005072 0.007190
4 0.775008 0.819592 0.005092 0.007158
4 0.831237 0.832945 0.005084 0.007164
4 0.797840 0.799947 0.005086 0.007149
4 0.837729 0.803690 0.005079 0.007195
4 0.838573 0.768498 0.005056 0.007184
4 0.818544 0.698395 0.005029 0.007219
4 0.798999 0.697541 0.005093 0.007180
4 0.780057 0.697545 0.005096 0.007175