5 0.203944 0.238156 0.004956 0.006104
5 0.316233 0.241990 0.004936 0.005989
5 0.370566 0.242007 0.004969 0.006005
5 0.482869 0.238118 0.004956 0.006098
5 0.626117 0.241981 0.004987 0.005938
5 0.715061 0.238120 0.004899 0.006128
5 0.204318 0.720180 0.004924 0.005859
5 0.483198 0.720239 0.004977 0.005875
5 0.715422 0.720224 0.004956 0.005854
33 0.215641 0.216775 0.005081 0.007146
33 0.471168 0.216781 0.005076 0.007173
33 0.726733 0.216781 0.005059 0.007148
33 0.126068 0.774925 0.005082 0.007156
33 0.110976 0.743958 0.005027 0.007127
33 0.152713 0.743991 0.005044 0.007174
33 0.215987 0.701776 0.005049 0.007178
33 0.246170 0.745673 0.005042 0.007181
33 0.279296 0.749867 0.005010 0.007156
33 0.279284 0.701349 0.005041 0.007145
33 0.408226 0.701348 0.005043 0.007144
33 0.408244 0.749854 0.005029 0.007168
33 0.441365 0.745672 0.005078 0.007114
33 0.471551 0.701817 0.005112 0.007158
33 0.672936 0.651635 0.005070 0.007141
33 0.663793 0.701361 0.005105 0.007133
33 0.727107 0.701802 0.005020 0.007173
33 0.757258 0.745652 0.005062 0.007109
33 0.790393 0.743977 0.005072 0.007101
33 0.832119 0.743970 0.005030 0.007125
33 0.817010 0.774909 0.005055 0.007206
31 0.208535 0.235853 0.003597 0.004984
31 0.478288 0.235846 0.003587 0.005009
31 0.719619 0.235857 0.003532 0.005024
31 0.208871 0.720829 0.003555 0.005024
31 0.478611 0.720816 0.003534 0.004954
31 0.719977 0.720853 0.003526 0.004926