5 0.148561 0.240693 0.004915 0.005998
5 0.229080 0.273188 0.005041 0.005914
6 0.313474 0.240708 0.004956 0.006027
6 0.372328 0.240716 0.004946 0.005954
5 0.456739 0.273143 0.004906 0.006010
5 0.537211 0.240727 0.004986 0.005978
6 0.627939 0.240751 0.004937 0.005968
5 0.659664 0.240751 0.004926 0.006001
5 0.740126 0.273166 0.004930 0.005930
5 0.229326 0.753658 0.004934 0.005960
5 0.457005 0.753645 0.004885 0.005957
5 0.740416 0.753685 0.004964 0.005948
31 0.230019 0.274476 0.003491 0.004954
31 0.455694 0.274472 0.003469 0.004958
31 0.741153 0.274469 0.003519 0.004973
31 0.230293 0.754984 0.003535 0.004983
31 0.455943 0.754977 0.003545 0.005009
31 0.741416 0.754981 0.003576 0.004980