19 0.245571 0.168609 0.004104 0.007189
19 0.404989 0.211554 0.004055 0.007265
19 0.520602 0.211567 0.004070 0.007244
19 0.719521 0.211557 0.004092 0.007280
19 0.187019 0.692013 0.004058 0.007230
19 0.192287 0.794696 0.004058 0.007204
19 0.282208 0.775304 0.004079 0.007142
19 0.294596 0.758503 0.004069 0.007198
19 0.316456 0.758475 0.004083 0.007206
19 0.328849 0.775299 0.004105 0.007139
19 0.450678 0.750044 0.004103 0.007259
19 0.474928 0.750065 0.004075 0.007262
19 0.596739 0.775339 0.004125 0.007194
19 0.609107 0.758487 0.004084 0.007256
19 0.631010 0.758482 0.004108 0.007266
19 0.643391 0.775327 0.004094 0.007181
19 0.765207 0.750070 0.004097 0.007231
11 0.177115 0.682313 0.003999 0.007228
11 0.287236 0.765218 0.004100 0.007239
11 0.323810 0.765250 0.004056 0.007250
11 0.398047 0.691132 0.004043 0.007211
11 0.527649 0.691161 0.004315 0.007232
11 0.601855 0.765226 0.004255 0.007230
11 0.638242 0.765233 0.004249 0.007309
11 0.758524 0.764026 0.004119 0.007166
11 0.712571 0.691155 0.004035 0.007246
28 0.397948 0.700449 0.004208 0.007313
11 0.481618 0.764132 0.004063 0.007400
11 0.444018 0.764153 0.004101 0.007418
28 0.527636 0.700443 0.004294 0.007238
28 0.712486 0.700432 0.004206 0.007343
31 0.339740 0.222252 0.002378 0.004252
31 0.359271 0.222260 0.002433 0.004252
31 0.578795 0.222291 0.002435 0.004307
31 0.598657 0.222282 0.002400 0.004286
39 0.254978 0.651969 0.004219 0.006903
37 0.254963 0.656180 0.004219 0.007170
37 0.254978 0.662910 0.004219 0.007197
37 0.298718 0.749270 0.004165 0.007307
37 0.299355 0.735937 0.004037 0.007417
39 0.294595 0.735964 0.004002 0.007439
37 0.311686 0.735956 0.004103 0.007397
37 0.312341 0.749250 0.004059 0.007260
39 0.316478 0.735938 0.004048 0.007471
37 0.397924 0.677722 0.004214 0.007235
37 0.397924 0.684396 0.004214 0.007208
39 0.417715 0.691619 0.004187 0.007232
39 0.507866 0.691625 0.004197 0.007187
37 0.527625 0.677684 0.004265 0.007195
37 0.527632 0.684317 0.004291 0.007013
39 0.609089 0.735964 0.004066 0.007446
37 0.613897 0.735957 0.004082 0.007456
37 0.613244 0.749219 0.004134 0.007242
37 0.626894 0.749250 0.004097 0.007324
37 0.626264 0.735970 0.004136 0.007430
39 0.630993 0.735982 0.004000 0.007408
39 0.732249 0.691553 0.004250 0.007174
37 0.712465 0.677680 0.004230 0.007234
37 0.712462 0.684381 0.004240 0.007185