19 0.187021 0.472591 0.004044 0.007281
19 0.192277 0.575308 0.004101 0.007278
19 0.282208 0.555921 0.004094 0.007223
19 0.294606 0.539058 0.004112 0.007185
19 0.316465 0.539079 0.004117 0.007335
19 0.328840 0.555936 0.004094 0.007222
19 0.450662 0.530670 0.004080 0.007234
19 0.474926 0.530672 0.004063 0.007259
19 0.596745 0.555929 0.004111 0.007226
19 0.609126 0.539072 0.004055 0.007274
19 0.631000 0.539048 0.004067 0.007212
19 0.643393 0.555917 0.004093 0.007240
19 0.765217 0.530694 0.004081 0.007280
11 0.177096 0.462898 0.003991 0.007159
11 0.287238 0.545868 0.004101 0.007299
11 0.323804 0.545857 0.004064 0.007347
11 0.444008 0.544670 0.004101 0.007271
11 0.481601 0.544659 0.004099 0.007171
11 0.601872 0.545858 0.004263 0.007309
11 0.638268 0.545863 0.004230 0.007357
11 0.758524 0.544635 0.004119 0.007257
11 0.712561 0.471745 0.004034 0.007231
28 0.397954 0.481010 0.004199 0.007260
28 0.527633 0.481029 0.004282 0.007209
28 0.712470 0.481035 0.004217 0.007229