12 0.188171 0.188161 0.006237 0.006413
13 0.179219 0.214236 0.003754 0.005047
12 0.206519 0.188157 0.006341 0.006644
13 0.197624 0.214280 0.003811 0.005104
13 0.175365 0.246499 0.003822 0.005188
13 0.195519 0.246298 0.003822 0.005680
12 0.173312 0.261369 0.006286 0.006395
12 0.206544 0.261436 0.006286 0.006350
12 0.238706 0.164208 0.004631 0.008907
13 0.253130 0.166794 0.003636 0.005286
13 0.253196 0.195810 0.003701 0.005217
12 0.242859 0.193708 0.004681 0.008978
12 0.243753 0.263645 0.004609 0.009014
13 0.230639 0.263474 0.003730 0.005494
13 0.230665 0.289968 0.003682 0.005476
12 0.243729 0.288218 0.004644 0.009252
13 0.230670 0.315599 0.003756 0.005344
12 0.243719 0.315695 0.004545 0.009080
13 0.208004 0.299825 0.003657 0.005400
12 0.178129 0.314023 0.006315 0.006445
13 0.230713 0.341576 0.003604 0.005535
12 0.243729 0.340985 0.004530 0.008848
12 0.264380 0.268272 0.006162 0.006704
13 0.278190 0.273338 0.003571 0.005292
13 0.289399 0.285150 0.003741 0.005079
12 0.300513 0.314272 0.006117 0.006592
12 0.325220 0.340832 0.004505 0.008831
13 0.321409 0.318663 0.003742 0.005329
13 0.324681 0.262340 0.003729 0.005236
12 0.340897 0.268160 0.006266 0.006231
12 0.358814 0.268233 0.006198 0.006434
12 0.376616 0.279752 0.006158 0.006368
13 0.360566 0.288375 0.003829 0.005117
13 0.365117 0.297244 0.003561 0.005420
12 0.363630 0.340914 0.004550 0.008926
12 0.402481 0.340910 0.004602 0.008857
13 0.410884 0.325509 0.003569 0.005205
13 0.404263 0.300658 0.003620 0.005357
12 0.385655 0.301380 0.006356 0.006413
12 0.385615 0.262247 0.006446 0.006569
13 0.404133 0.261698 0.003658 0.005289
13 0.439997 0.270670 0.004073 0.005250
12 0.449484 0.268560 0.004570 0.008813
13 0.437514 0.302055 0.004007 0.005297
13 0.456832 0.301985 0.003719 0.005108
12 0.440275 0.322526 0.006200 0.006441
12 0.448038 0.322494 0.006350 0.006426
12 0.480653 0.322431 0.006233 0.006494
12 0.488480 0.322523 0.006299 0.006477
13 0.491130 0.302020 0.003851 0.005151
13 0.471846 0.301977 0.003790 0.005237
12 0.479195 0.268581 0.004583 0.008831
13 0.488732 0.270645 0.003838 0.005042
13 0.524429 0.261637 0.003558 0.005257
12 0.543095 0.262314 0.006159 0.006413
12 0.543115 0.301411 0.006119 0.006863
13 0.524418 0.300708 0.003537 0.005344
13 0.517835 0.325468 0.003784 0.005224
12 0.526194 0.340979 0.004682 0.008802
12 0.565039 0.340935 0.004599 0.008882
13 0.569275 0.318828 0.003898 0.005304
13 0.607240 0.318856 0.003891 0.005082
12 0.603505 0.340975 0.004660 0.008754
12 0.628257 0.314278 0.006241 0.006524
13 0.639367 0.285125 0.003787 0.005328
13 0.650513 0.273418 0.003460 0.005168
12 0.664385 0.268160 0.006246 0.006510
12 0.684948 0.263523 0.004579 0.008913
13 0.697950 0.263465 0.003598 0.005479
12 0.685005 0.288313 0.004554 0.009025
13 0.697944 0.290106 0.003664 0.005712
13 0.697920 0.315620 0.003460 0.005554
12 0.684975 0.315738 0.004552 0.008881
12 0.700864 0.341047 0.004413 0.008811
13 0.704307 0.327145 0.003698 0.005561
13 0.720730 0.299903 0.003508 0.005578
12 0.750632 0.314113 0.006285 0.006424
12 0.722128 0.261512 0.006402 0.006744
12 0.755400 0.261468 0.006124 0.006413
13 0.753309 0.246431 0.003754 0.005139
13 0.733151 0.246485 0.003872 0.005115
13 0.749472 0.214241 0.003763 0.005001
13 0.731001 0.214224 0.003856 0.005034
12 0.722147 0.188223 0.006270 0.006522
12 0.740574 0.188246 0.006270 0.006658
12 0.685963 0.193798 0.004543 0.008979
13 0.675417 0.195880 0.003512 0.005375
13 0.675500 0.166934 0.003468 0.005665
12 0.690066 0.164347 0.004535 0.009102
12 0.509366 0.187407 0.006183 0.006408
12 0.535948 0.180223 0.006265 0.006595
13 0.522950 0.199185 0.003750 0.005238
12 0.419463 0.187347 0.006271 0.006454
13 0.405780 0.199063 0.003756 0.004796
12 0.392815 0.180241 0.006371 0.006452
12 0.188109 0.671504 0.006344 0.006522
12 0.206590 0.671466 0.006194 0.006610
13 0.179246 0.697458 0.003710 0.005206
13 0.197596 0.697456 0.003775 0.005128
13 0.253265 0.650088 0.003628 0.005302
13 0.253183 0.679062 0.003638 0.005247
12 0.242876 0.676892 0.004576 0.009069
12 0.238742 0.647527 0.004580 0.008987
12 0.206574 0.746924 0.006241 0.006420
13 0.197271 0.733853 0.003763 0.005228
12 0.243720 0.748378 0.004523 0.008772
13 0.230543 0.746663 0.003811 0.005344
13 0.230667 0.773225 0.003721 0.005483
12 0.243789 0.775339 0.004558 0.008867
12 0.264334 0.751314 0.006323 0.006519
13 0.278190 0.756520 0.003492 0.005413
13 0.289393 0.768167 0.003775 0.005515
12 0.300548 0.797436 0.006212 0.006452
12 0.340902 0.751434 0.006231 0.006357
13 0.324777 0.745514 0.003452 0.005404
12 0.358804 0.751317 0.006285 0.006384
12 0.376630 0.762989 0.006195 0.006543
13 0.360604 0.771435 0.003785 0.005274
13 0.365169 0.780376 0.003569 0.005333
13 0.359429 0.801962 0.003775 0.005344
12 0.363608 0.824126 0.004677 0.009001
12 0.385593 0.745583 0.006190 0.006548
13 0.404284 0.744866 0.003645 0.005307
12 0.440212 0.805696 0.006267 0.006577
12 0.447970 0.805763 0.006299 0.006688
13 0.456864 0.785119 0.003822 0.005098
13 0.437673 0.785119 0.003791 0.005009
13 0.439946 0.753922 0.003850 0.005110
12 0.449441 0.751721 0.004608 0.008624
13 0.405725 0.682319 0.003936 0.005060
12 0.419472 0.670575 0.006096 0.006264
12 0.392754 0.663430 0.006148 0.006617
12 0.509234 0.670586 0.006165 0.006341
12 0.535946 0.663448 0.006348 0.006453
13 0.522950 0.682266 0.003750 0.005061
13 0.675575 0.650032 0.003613 0.005157
13 0.675573 0.679017 0.003485 0.005417
12 0.685906 0.676927 0.004584 0.009034
12 0.690035 0.647481 0.004629 0.008866
12 0.722156 0.671433 0.006223 0.006614
12 0.740577 0.671403 0.006253 0.006438
13 0.731113 0.697439 0.003884 0.004915
13 0.749533 0.697364 0.003889 0.004861
13 0.731429 0.733862 0.003758 0.005127
12 0.722197 0.746977 0.006364 0.006505
12 0.685033 0.748432 0.004624 0.008866
13 0.697967 0.746692 0.003570 0.005468
13 0.697894 0.773267 0.003599 0.005427
12 0.685047 0.775360 0.004653 0.008866
12 0.664448 0.751359 0.006272 0.006352
13 0.650566 0.756566 0.003401 0.005361
13 0.639328 0.768202 0.003739 0.005497
12 0.628335 0.797506 0.006257 0.006260
12 0.684975 0.801384 0.004557 0.008666
13 0.697924 0.802783 0.003432 0.005382
13 0.704297 0.810523 0.003804 0.005142
12 0.700864 0.824118 0.004501 0.008842
12 0.750626 0.797262 0.006102 0.006369
13 0.720832 0.783049 0.003472 0.005396
13 0.604011 0.745363 0.003609 0.005344
12 0.587790 0.751309 0.006292 0.006502
12 0.569957 0.751354 0.006165 0.006603
12 0.552157 0.762987 0.006035 0.006514
13 0.568139 0.771510 0.003830 0.004993
13 0.563544 0.780392 0.003643 0.005614
13 0.569198 0.802015 0.003824 0.005000
12 0.565091 0.824116 0.004617 0.008955
12 0.526209 0.824081 0.004525 0.009069
13 0.517726 0.808765 0.003882 0.005279
13 0.524565 0.783836 0.003466 0.005502
12 0.543088 0.784732 0.006160 0.006492
12 0.543126 0.745482 0.006364 0.006631
13 0.524459 0.744922 0.003419 0.005400
13 0.488775 0.753824 0.003875 0.004966
12 0.479254 0.751791 0.004610 0.008655
12 0.243779 0.801528 0.004626 0.008835
13 0.230687 0.802826 0.003753 0.005499
13 0.224293 0.810518 0.003797 0.005190
12 0.227840 0.824166 0.004614 0.008816
12 0.178103 0.797331 0.006324 0.006669
13 0.207978 0.783044 0.003497 0.005257
12 0.552110 0.279876 0.006070 0.006637
13 0.563558 0.297236 0.003602 0.005309
12 0.569924 0.268385 0.006070 0.006567
13 0.568123 0.288364 0.003750 0.005170
12 0.587861 0.268211 0.006317 0.006598
13 0.604089 0.262320 0.003570 0.005303
13 0.359370 0.318777 0.003819 0.005240