12 0.153331 0.205760 0.005083 0.006984
12 0.153340 0.279962 0.005000 0.006932
12 0.205132 0.230897 0.005035 0.006394
12 0.214267 0.205732 0.005191 0.006887
12 0.214282 0.279703 0.005004 0.006581
12 0.269927 0.232526 0.005201 0.006700
19 0.290645 0.249368 0.003688 0.006340
19 0.164990 0.345281 0.003606 0.006407
19 0.164988 0.405905 0.003621 0.006478
19 0.476197 0.249340 0.003540 0.006514
12 0.497919 0.232610 0.005035 0.006492
12 0.545899 0.205889 0.004934 0.006864
12 0.545898 0.279975 0.004977 0.006863
12 0.554953 0.293140 0.005066 0.006788
12 0.593410 0.293204 0.005106 0.006587
19 0.592302 0.397478 0.003677 0.006453
12 0.486440 0.402360 0.005066 0.006370
12 0.486435 0.446111 0.005055 0.007026
12 0.477393 0.466382 0.005001 0.006845
12 0.420293 0.446069 0.004845 0.006933
12 0.429431 0.508536 0.005026 0.006432
12 0.420263 0.540331 0.005030 0.006783
12 0.355572 0.515379 0.005026 0.006475
12 0.315106 0.515351 0.005046 0.006471
19 0.304917 0.410953 0.003608 0.006496
12 0.283241 0.402407 0.004936 0.006432
12 0.283180 0.540339 0.005009 0.006891
12 0.205150 0.508596 0.004970 0.006677
12 0.153301 0.560554 0.005114 0.006999
12 0.153358 0.479759 0.005104 0.006961
19 0.463836 0.399251 0.003754 0.006451
12 0.377272 0.370117 0.003796 0.009177
12 0.329659 0.390389 0.003593 0.008907
12 0.283218 0.446101 0.004961 0.006945
12 0.214182 0.483314 0.005062 0.006475
12 0.545906 0.483406 0.005083 0.006328
12 0.555031 0.508633 0.005042 0.006547
12 0.486432 0.540309 0.005125 0.007014
12 0.477328 0.547122 0.004928 0.006869
12 0.364588 0.483374 0.005050 0.006454
12 0.610604 0.479798 0.005046 0.007165
12 0.610597 0.560528 0.005010 0.007035
19 0.697939 0.192402 0.005633 0.010007