12 0.153331 0.205703 0.005072 0.007219
12 0.205109 0.230809 0.005141 0.006335
12 0.214287 0.205696 0.004893 0.006707
12 0.214322 0.279935 0.004968 0.006928
12 0.269944 0.232471 0.005062 0.006596
12 0.153307 0.279691 0.005072 0.006475
12 0.153334 0.479714 0.005064 0.006887
12 0.153353 0.560516 0.005010 0.006905
12 0.205138 0.508505 0.004944 0.006334
12 0.214350 0.483418 0.004867 0.006383
12 0.282964 0.540381 0.004464 0.007022
12 0.283001 0.446236 0.004419 0.007029
12 0.282979 0.402445 0.004563 0.006701
12 0.497920 0.232534 0.005009 0.006610
12 0.545890 0.205840 0.004952 0.006962
12 0.545890 0.279907 0.004989 0.006766
12 0.555020 0.293061 0.005022 0.006349
12 0.593443 0.293144 0.005038 0.006522
12 0.610397 0.479817 0.004450 0.006868
12 0.610386 0.560651 0.004446 0.007008
12 0.554991 0.508546 0.005006 0.006457
12 0.545857 0.483352 0.004887 0.006311
12 0.486713 0.446069 0.004505 0.006811
12 0.486753 0.402408 0.004492 0.006469
12 0.420292 0.446068 0.004935 0.006858
12 0.429372 0.508586 0.005035 0.006373
12 0.420280 0.540311 0.004946 0.006759
12 0.315150 0.515335 0.005033 0.006310
12 0.329673 0.390413 0.003674 0.008859
12 0.377288 0.370319 0.003696 0.008928
12 0.477153 0.466251 0.004489 0.006954
12 0.477222 0.547090 0.004532 0.006797
12 0.486719 0.540362 0.004578 0.006785
12 0.355488 0.515351 0.004899 0.006548
12 0.364658 0.483428 0.005035 0.006422
19 0.290643 0.249394 0.003567 0.006525
19 0.476192 0.249463 0.003636 0.006527
19 0.592328 0.397580 0.003685 0.006460
19 0.164994 0.345331 0.003638 0.006723
19 0.164983 0.405893 0.003619 0.006291
19 0.304895 0.410956 0.003649 0.006403
19 0.463831 0.399138 0.003574 0.006285
19 0.698070 0.192416 0.005642 0.009902