13 0.232962 0.305828 0.004133 0.005315
13 0.313889 0.305751 0.003977 0.005234
13 0.366870 0.318017 0.004176 0.005719
13 0.395395 0.317986 0.004161 0.005453
19 0.594856 0.249507 0.004930 0.007050
13 0.646816 0.306015 0.004321 0.005659
13 0.717105 0.356424 0.004239 0.005605
13 0.711980 0.390328 0.004095 0.006038
13 0.715161 0.435462 0.004328 0.005969
13 0.553746 0.393645 0.004219 0.005816
13 0.257628 0.434807 0.004135 0.005637
13 0.278263 0.564677 0.004188 0.005151
13 0.419064 0.442323 0.004254 0.005859
13 0.407225 0.433455 0.004086 0.005225
19 0.380776 0.410852 0.004816 0.006891
13 0.459151 0.564906 0.003940 0.005116
13 0.558246 0.438932 0.004014 0.005456
13 0.677853 0.564814 0.004122 0.005110
19 0.363068 0.249539 0.004697 0.007029