0 0.716181 0.789264 0.005186 0.007327
0 0.661544 0.789211 0.005186 0.007433
0 0.658124 0.731815 0.005411 0.007540
0 0.719600 0.731868 0.005261 0.007646
0 0.719563 0.678241 0.005186 0.007433
0 0.658237 0.678188 0.005186 0.007540
0 0.569330 0.678241 0.005186 0.007433
0 0.507929 0.678188 0.005186 0.007327
0 0.565948 0.789317 0.005186 0.007433
0 0.569292 0.731974 0.005261 0.007433
0 0.511273 0.789264 0.005261 0.007540
0 0.507929 0.731762 0.005186 0.007433
0 0.447655 0.789264 0.005336 0.007540
0 0.451037 0.731868 0.005336 0.007433
0 0.451000 0.678082 0.005261 0.007540
0 0.393018 0.789264 0.005336 0.007327
0 0.389599 0.731815 0.005411 0.007540
0 0.389636 0.678082 0.005186 0.007540
0 0.297385 0.789317 0.005261 0.007433
0 0.300691 0.731921 0.005411 0.007540
0 0.242672 0.789211 0.005561 0.007433
0 0.239403 0.731868 0.005186 0.007646
0 0.300729 0.678135 0.005035 0.007433
0 0.239403 0.678135 0.005186 0.007433