0 0.662859 0.676436 0.005111 0.007221
0 0.714941 0.676330 0.005110 0.007221
0 0.726627 0.729213 0.005336 0.007433
0 0.718435 0.788892 0.005336 0.007433
0 0.659214 0.788839 0.005336 0.007540
0 0.651097 0.729319 0.005336 0.007646
0 0.568315 0.788892 0.005261 0.007433
0 0.576469 0.729213 0.005186 0.007646
0 0.564670 0.676436 0.005336 0.007646
0 0.512551 0.676330 0.005411 0.007433
0 0.446340 0.676436 0.005411 0.007646
0 0.458139 0.729213 0.005261 0.007646
0 0.500789 0.729160 0.005186 0.007327
0 0.508943 0.788892 0.005261 0.007646
0 0.449910 0.788892 0.005186 0.007433
0 0.390651 0.788839 0.005411 0.007540
0 0.382459 0.729160 0.005261 0.007327
0 0.394258 0.676277 0.005411 0.007327
0 0.296107 0.676436 0.005411 0.007433
0 0.307793 0.729160 0.005486 0.007752
0 0.299714 0.788786 0.005561 0.007646
0 0.240305 0.788892 0.005336 0.007646
0 0.232188 0.729213 0.005486 0.007858
0 0.243950 0.676436 0.005110 0.007433
0 0.716218 0.338590 0.005261 0.007327
0 0.661619 0.338590 0.005186 0.007327
0 0.658237 0.281194 0.005186 0.007433
0 0.719600 0.281140 0.005261 0.007327
0 0.719563 0.227567 0.005186 0.007433
0 0.658199 0.227461 0.005411 0.007433
0 0.565910 0.338590 0.005261 0.007327
0 0.511311 0.338484 0.005186 0.007327
0 0.507891 0.281087 0.005261 0.007221
0 0.569330 0.281194 0.005186 0.007433
0 0.569330 0.227461 0.005336 0.007433
0 0.507966 0.227408 0.005261 0.007327
0 0.451037 0.227461 0.005186 0.007221
0 0.389599 0.227514 0.005261 0.007327
0 0.389636 0.281034 0.005186 0.007327
0 0.450924 0.281194 0.005261 0.007433
0 0.447618 0.338537 0.005110 0.007221
0 0.393018 0.338537 0.005336 0.007433
0 0.297347 0.338590 0.005336 0.007115
0 0.242785 0.338537 0.005186 0.007433
0 0.239366 0.281140 0.005411 0.007327
0 0.300804 0.281087 0.005186 0.007433
0 0.300729 0.227461 0.005336 0.007433
0 0.239366 0.227461 0.005411 0.007433