0 0.661581 0.801104 0.005261 0.007433
0 0.716181 0.801051 0.005336 0.007540
0 0.719525 0.743708 0.005411 0.007540
0 0.658199 0.743867 0.005261 0.007433
0 0.658199 0.690029 0.005411 0.007646
0 0.719563 0.690188 0.005336 0.007540
0 0.565985 0.801104 0.005261 0.007433
0 0.511311 0.801104 0.005186 0.007433
0 0.507929 0.743761 0.005186 0.007646
0 0.569292 0.743867 0.005261 0.007433
0 0.569330 0.690029 0.005186 0.007433
0 0.507966 0.690082 0.005261 0.007327
0 0.371900 0.689922 0.005186 0.007221
0 0.451000 0.690082 0.005110 0.007327
0 0.382497 0.741319 0.005186 0.007433
0 0.450962 0.743814 0.005336 0.007540
0 0.447655 0.801211 0.005186 0.007433
0 0.390651 0.800945 0.005261 0.007540
0 0.297347 0.801157 0.005486 0.007540
0 0.242672 0.801211 0.005261 0.007433
0 0.239403 0.743761 0.005186 0.007433
0 0.300729 0.743761 0.005186 0.007433
0 0.300767 0.690082 0.005261 0.007540
0 0.239403 0.690135 0.005336 0.007433
0 0.658124 0.211532 0.005411 0.007646
0 0.719600 0.211585 0.005261 0.007327
0 0.719563 0.265159 0.005186 0.007221
0 0.658199 0.265212 0.005261 0.007327
0 0.661544 0.322661 0.005186 0.007540
0 0.716256 0.322661 0.005336 0.007327
0 0.565948 0.322608 0.005186 0.007433
0 0.511273 0.322555 0.005110 0.007327
0 0.507929 0.265159 0.005186 0.007433
0 0.569292 0.265212 0.005110 0.007115
0 0.569405 0.211532 0.005186 0.007221
0 0.507966 0.211532 0.005411 0.007433
0 0.450887 0.211585 0.005336 0.007540
0 0.389636 0.211479 0.005336 0.007752
0 0.389636 0.265212 0.005336 0.007327
0 0.451000 0.265265 0.005110 0.007433
0 0.447655 0.322661 0.005186 0.007327
0 0.392981 0.322714 0.005261 0.007433
0 0.297385 0.322661 0.005261 0.007327
0 0.242710 0.322608 0.005186 0.007221
0 0.239366 0.265159 0.005411 0.007433
0 0.300729 0.265265 0.005186 0.007433
0 0.300691 0.211532 0.005261 0.007433
0 0.239366 0.211532 0.005261 0.007433