0 0.718548 0.592068 0.005411 0.007752
0 0.726702 0.532494 0.005336 0.007540
0 0.569517 0.592121 0.005411 0.007433
0 0.657974 0.592121 0.005411 0.007433
0 0.650947 0.532335 0.005186 0.007433
0 0.576469 0.532388 0.005336 0.007540
0 0.451263 0.592068 0.005486 0.007540
0 0.507741 0.592121 0.005261 0.007433
0 0.500789 0.532388 0.005186 0.007540
0 0.458139 0.532388 0.005261 0.007540
0 0.307869 0.532335 0.005336 0.007646
0 0.300917 0.592174 0.005411 0.007540
0 0.240380 0.592174 0.005336 0.007540
0 0.232301 0.532282 0.005261 0.007540