0 0.714865 0.587873 0.005110 0.007433
0 0.662859 0.587873 0.005261 0.007221
0 0.662859 0.531273 0.005111 0.007221
0 0.714828 0.531326 0.005186 0.007327
0 0.714865 0.471594 0.005261 0.007433
0 0.662896 0.471594 0.005186 0.007433
0 0.564557 0.587979 0.005261 0.007221
0 0.512626 0.587926 0.005261 0.007327
0 0.512626 0.531326 0.005111 0.007327
0 0.564595 0.531273 0.005186 0.007433
0 0.564595 0.471594 0.005186 0.007433
0 0.512626 0.471488 0.005261 0.007433
0 0.446866 0.471541 0.005261 0.007327
0 0.446904 0.531326 0.005186 0.007115
0 0.446904 0.588032 0.005336 0.007327
0 0.393695 0.587926 0.005186 0.007327
0 0.393770 0.531326 0.005186 0.007327
0 0.393695 0.471594 0.005186 0.007433
0 0.244025 0.587979 0.005261 0.007221
0 0.296069 0.587979 0.005186 0.007221
0 0.244100 0.531379 0.005110 0.007221
0 0.296069 0.531326 0.005186 0.007115
0 0.296069 0.471647 0.005186 0.007327
0 0.244025 0.471541 0.005261 0.007327