18 0.188715 0.158825 0.003431 0.003918
18 0.206974 0.158766 0.003402 0.003817
18 0.207004 0.197416 0.003432 0.003945
18 0.117741 0.251248 0.003384 0.003867
18 0.141303 0.251476 0.003426 0.003915
18 0.167290 0.251445 0.003416 0.003894
18 0.167275 0.312221 0.003390 0.003873
18 0.167270 0.388254 0.003417 0.003873
18 0.167268 0.464255 0.003402 0.003855
18 0.167272 0.540287 0.003440 0.003871
18 0.193762 0.556181 0.003365 0.003816
18 0.230831 0.556195 0.003388 0.003872
18 0.267918 0.556178 0.003383 0.003885
18 0.305015 0.556208 0.003420 0.003926
18 0.167272 0.616330 0.003429 0.003850
18 0.167272 0.692340 0.003395 0.003850
18 0.167272 0.756504 0.003420 0.003892
18 0.149233 0.756456 0.003377 0.003840
19 0.117322 0.293990 0.003387 0.007330
19 0.117293 0.330170 0.003419 0.007149
19 0.117698 0.369743 0.003435 0.007289
19 0.117670 0.405989 0.003431 0.007252
15 0.234508 0.157777 0.002909 0.016612
15 0.263437 0.157824 0.002866 0.016734
15 0.291598 0.157828 0.002839 0.016648
15 0.291607 0.204395 0.002861 0.016699
15 0.291597 0.250894 0.002864 0.016590
15 0.263460 0.250921 0.002886 0.016772
15 0.263451 0.204386 0.002867 0.016772
15 0.234486 0.204352 0.002873 0.016824
15 0.234486 0.250925 0.002873 0.016669
15 0.211881 0.250922 0.002849 0.016657
15 0.189015 0.299497 0.002840 0.016786
15 0.213456 0.299489 0.002849 0.016770
15 0.237940 0.299508 0.002882 0.016738
15 0.237934 0.350016 0.002866 0.016626
15 0.237942 0.400515 0.002862 0.016763
15 0.213465 0.400455 0.002891 0.016748
15 0.189017 0.349980 0.002872 0.016742
15 0.189026 0.400496 0.002855 0.016716
15 0.189737 0.454134 0.002864 0.016801
15 0.213264 0.454158 0.002804 0.016791
15 0.236830 0.454159 0.002909 0.016820
15 0.189736 0.507597 0.002835 0.016824
15 0.213266 0.507589 0.002818 0.016705
15 0.236793 0.507601 0.002867 0.016746
15 0.261379 0.299512 0.002848 0.016801
15 0.285446 0.299485 0.002855 0.016778
15 0.309522 0.299427 0.002873 0.016716
15 0.261388 0.350022 0.002869 0.016654
15 0.261407 0.400522 0.002869 0.016737
15 0.261144 0.452887 0.002889 0.016654
15 0.261123 0.507165 0.002883 0.016753
15 0.284651 0.507179 0.002858 0.016726
15 0.284779 0.452935 0.002601 0.016590
15 0.285446 0.400500 0.002858 0.016753
15 0.285459 0.349982 0.002858 0.016563
15 0.309499 0.349968 0.002909 0.016699
15 0.309512 0.400472 0.002858 0.016699
15 0.308179 0.452908 0.002806 0.016590
15 0.308173 0.507179 0.002819 0.016672
15 0.118768 0.462634 0.002861 0.016668
15 0.118900 0.538258 0.002832 0.016730
15 0.118790 0.615137 0.002847 0.016699
15 0.118783 0.691039 0.002832 0.016637
15 0.144768 0.691087 0.002888 0.016583
15 0.144758 0.615068 0.002876 0.016679
15 0.144811 0.538253 0.002876 0.016736
15 0.144745 0.462675 0.002849 0.016623
15 0.189879 0.602467 0.007899 0.006104
15 0.188686 0.671505 0.007819 0.006132
15 0.188693 0.708479 0.007833 0.005991
15 0.213675 0.703430 0.002876 0.016651
15 0.213662 0.653012 0.002876 0.016679
15 0.213675 0.602467 0.002902 0.016736
15 0.237465 0.602481 0.002823 0.016708
15 0.237465 0.652984 0.002823 0.016567
15 0.237458 0.703444 0.002863 0.016679
15 0.261279 0.703442 0.002893 0.016637
15 0.261256 0.652974 0.002878 0.016605
15 0.261271 0.602475 0.002878 0.016764
15 0.285051 0.602507 0.002893 0.016764
15 0.285051 0.652990 0.002863 0.016637
15 0.285051 0.703442 0.002863 0.016573
15 0.308853 0.703457 0.002893 0.016605
15 0.308846 0.653022 0.002878 0.016637
15 0.308838 0.602507 0.002863 0.016764
15 0.189872 0.751710 0.002876 0.016736
15 0.189859 0.804477 0.002876 0.016679
15 0.189859 0.855007 0.002876 0.016595
15 0.213675 0.855007 0.002876 0.016595
15 0.213675 0.804449 0.002876 0.016567
15 0.213669 0.751724 0.002863 0.016708
15 0.237472 0.751710 0.002836 0.016679
15 0.237458 0.804449 0.002836 0.016679
15 0.237478 0.855007 0.002823 0.016651
15 0.266783 0.755680 0.007839 0.006010
15 0.266805 0.806148 0.007824 0.006072
15 0.266798 0.856677 0.007810 0.006072
15 0.294579 0.812025 0.002849 0.016626
15 0.296027 0.757334 0.002828 0.016605
15 0.316409 0.757337 0.002892 0.016692
15 0.312007 0.812030 0.002867 0.016665
15 0.337416 0.801998 0.002870 0.016642
15 0.336738 0.757321 0.002844 0.016614
15 0.334233 0.703491 0.007828 0.006036
15 0.334252 0.652957 0.007815 0.006092
15 0.334239 0.602506 0.007841 0.006036
15 0.334239 0.551986 0.007841 0.006119
15 0.334246 0.501479 0.007854 0.006064
15 0.334233 0.450959 0.007828 0.006092
15 0.334233 0.400466 0.007828 0.006064
15 0.334239 0.349987 0.007868 0.006064
15 0.334226 0.299453 0.007815 0.006064
15 0.334233 0.251910 0.007854 0.006064
15 0.334226 0.207287 0.007841 0.006036
15 0.474045 0.159206 0.007818 0.006097
15 0.474036 0.205239 0.007836 0.006019
15 0.474045 0.251234 0.007854 0.006097
15 0.497472 0.251195 0.007836 0.006097
15 0.520826 0.251195 0.007818 0.006019
15 0.497463 0.205213 0.007849 0.006066
15 0.497456 0.159218 0.007864 0.006066
15 0.520830 0.159185 0.007849 0.006131
15 0.520822 0.205229 0.007834 0.006034
15 0.370197 0.237136 0.002867 0.016638
15 0.370197 0.299435 0.002892 0.016692
15 0.370178 0.349955 0.002905 0.016557
15 0.370178 0.400449 0.002854 0.016638
15 0.370165 0.450996 0.002880 0.016665
15 0.370178 0.501503 0.002905 0.016773
15 0.370191 0.551997 0.002854 0.016692
15 0.370184 0.602437 0.002867 0.016611
15 0.370172 0.652971 0.002867 0.016611
15 0.370178 0.703478 0.002880 0.016665
15 0.370191 0.767675 0.002854 0.016638
15 0.409999 0.767705 0.002869 0.016685
15 0.409991 0.703467 0.002884 0.016654
15 0.409984 0.653008 0.002869 0.016654
15 0.410013 0.602456 0.002869 0.016716
15 0.409991 0.551997 0.002855 0.016654
15 0.410006 0.501476 0.002855 0.016654
15 0.409984 0.451001 0.002869 0.016685
15 0.409977 0.400449 0.002855 0.016561
15 0.410006 0.349991 0.002826 0.016623
15 0.410006 0.299438 0.002855 0.016685
15 0.410013 0.237126 0.002869 0.016592
15 0.445677 0.237126 0.002869 0.016592
15 0.445692 0.299454 0.002869 0.016592
15 0.445677 0.349975 0.002869 0.016592
15 0.445685 0.400418 0.002855 0.016623
15 0.445663 0.450986 0.002811 0.016592
15 0.445677 0.501507 0.002869 0.016716
15 0.445692 0.551997 0.002840 0.016592
15 0.445670 0.602456 0.002884 0.016654
15 0.445663 0.653023 0.002899 0.016623
15 0.445670 0.703467 0.002855 0.016592
15 0.445692 0.767705 0.002840 0.016623
15 0.481390 0.812170 0.002893 0.016701
15 0.481392 0.767721 0.002884 0.016654
15 0.481379 0.703452 0.002878 0.016526
15 0.481388 0.653025 0.002901 0.016652
15 0.481379 0.602449 0.002883 0.016652
15 0.481379 0.552028 0.002847 0.016652
15 0.481388 0.501472 0.002901 0.016691
15 0.481360 0.451012 0.002847 0.016613
15 0.481360 0.400436 0.002847 0.016613
15 0.481369 0.349996 0.002828 0.016575
15 0.481379 0.299400 0.002847 0.016536
15 0.517062 0.299410 0.002864 0.016596
15 0.517053 0.350000 0.002816 0.016630
15 0.517070 0.400437 0.002848 0.016562
15 0.517078 0.451010 0.002832 0.016698
15 0.517062 0.501498 0.002864 0.016733
15 0.517062 0.552020 0.002864 0.016698
15 0.517053 0.602456 0.002816 0.016630
15 0.517070 0.653030 0.002848 0.016630
15 0.517078 0.703449 0.002832 0.016596
15 0.517070 0.767682 0.002848 0.016596
15 0.517062 0.812159 0.002832 0.016630
15 0.517094 0.857388 0.002864 0.016596
15 0.554353 0.703450 0.002832 0.016698
15 0.554328 0.653014 0.002883 0.016662
15 0.554345 0.602433 0.002815 0.016626
15 0.562443 0.552002 0.002840 0.016656
15 0.562450 0.501499 0.002882 0.016775
15 0.562443 0.450982 0.002840 0.016626
15 0.550687 0.400446 0.002857 0.016667
15 0.550673 0.350022 0.002857 0.016611
15 0.550687 0.299428 0.002857 0.016611
15 0.213482 0.350197 0.002939 0.016261
16 0.370183 0.501483 0.002891 0.006135
16 0.410001 0.501464 0.002854 0.006097
16 0.445664 0.501483 0.002873 0.006135
16 0.481381 0.501483 0.002891 0.006135
16 0.517062 0.501464 0.002873 0.006097
16 0.562443 0.501425 0.002873 0.006097
18 0.591627 0.476372 0.003453 0.003883
18 0.591627 0.525800 0.003453 0.003970
16 0.488108 0.857531 0.002358 0.005030
16 0.472253 0.857518 0.002369 0.004945
16 0.453612 0.861698 0.002364 0.005037
16 0.453619 0.821323 0.002367 0.005002
16 0.470700 0.811219 0.002399 0.005011
16 0.312592 0.860051 0.002371 0.005054
16 0.294756 0.860029 0.002379 0.005011