15 0.232354 0.155120 0.007854 0.006134
15 0.251486 0.155119 0.007823 0.006160
15 0.276462 0.155112 0.007838 0.006059
15 0.305031 0.155152 0.007827 0.006063
15 0.332397 0.155094 0.007876 0.006116
15 0.332415 0.196373 0.007911 0.006100
15 0.305044 0.196367 0.007864 0.006000
15 0.276476 0.196330 0.007858 0.005988
15 0.251491 0.196330 0.007822 0.006064
15 0.250920 0.248549 0.002862 0.016672
15 0.276296 0.248549 0.002920 0.016751
15 0.308213 0.248543 0.007886 0.006094
15 0.343498 0.248491 0.007859 0.006029
15 0.378819 0.248522 0.007838 0.006059
15 0.414117 0.248527 0.007834 0.006079
15 0.443467 0.248582 0.007867 0.006046
15 0.475605 0.248562 0.007848 0.006007
15 0.475603 0.216654 0.007827 0.006063
15 0.443472 0.216682 0.007838 0.006049
15 0.414114 0.216671 0.007817 0.006108
15 0.378821 0.216677 0.007832 0.006033
15 0.164815 0.299435 0.002866 0.016590
15 0.164798 0.349980 0.002866 0.016626
15 0.164823 0.400434 0.002883 0.016554
15 0.164806 0.450979 0.002883 0.016590
15 0.164815 0.501488 0.002866 0.016698
15 0.164815 0.551978 0.002832 0.016554
15 0.164815 0.602469 0.002866 0.016698
15 0.164806 0.653014 0.002917 0.016590
15 0.164815 0.703450 0.002900 0.016554
15 0.164806 0.754013 0.002883 0.016698
15 0.200510 0.754008 0.002887 0.016638
15 0.200502 0.703435 0.002871 0.016674
15 0.200510 0.653003 0.002887 0.016638
15 0.200510 0.602448 0.002854 0.016567
15 0.200519 0.551981 0.002837 0.016603
15 0.200519 0.501479 0.002904 0.016709
15 0.200510 0.450994 0.002854 0.016638
15 0.200510 0.400438 0.002887 0.016567
15 0.200510 0.350007 0.002854 0.016603
15 0.200519 0.299434 0.002904 0.016709
15 0.235806 0.299434 0.002871 0.016638
15 0.235823 0.349989 0.002871 0.016638
15 0.235815 0.400438 0.002854 0.016709
15 0.235815 0.451012 0.002854 0.016603
15 0.235798 0.501479 0.002887 0.016638
15 0.235823 0.552017 0.002871 0.016674
15 0.235806 0.602448 0.002871 0.016567
15 0.235823 0.652986 0.002871 0.016603
15 0.235815 0.703452 0.002887 0.016638
15 0.235823 0.753990 0.002904 0.016674
15 0.235806 0.804457 0.002871 0.016567
15 0.235815 0.854995 0.002887 0.016674
15 0.271496 0.855013 0.002837 0.016567
15 0.271522 0.804493 0.002820 0.016638
15 0.271522 0.754026 0.002820 0.016674
19 0.184655 0.258658 0.003455 0.007208
19 0.206471 0.251074 0.003435 0.007309
19 0.521389 0.156079 0.003471 0.007197
19 0.521379 0.196000 0.003411 0.007154
19 0.516423 0.247611 0.003451 0.007239
19 0.539205 0.253927 0.003443 0.007244
19 0.561437 0.248014 0.003428 0.007275
19 0.555687 0.195982 0.003402 0.007194
19 0.555685 0.156115 0.003433 0.007329
16 0.164817 0.501434 0.002863 0.006104
16 0.200515 0.501491 0.002902 0.006104
16 0.235795 0.501463 0.002902 0.006160
16 0.271506 0.501463 0.002889 0.006104
16 0.307217 0.501477 0.002902 0.006075
16 0.342895 0.501477 0.002902 0.006019
16 0.378606 0.501505 0.002863 0.006132
16 0.414271 0.501477 0.002863 0.006019
16 0.449989 0.501477 0.002889 0.006075
16 0.485673 0.501463 0.002902 0.006160
16 0.521378 0.501463 0.002902 0.006104
16 0.557069 0.501491 0.002902 0.006104
16 0.591183 0.501491 0.002876 0.006104
16 0.494407 0.828268 0.002377 0.004978
16 0.494402 0.864032 0.002366 0.005044