19 0.184657 0.258598 0.003446 0.007201
19 0.206459 0.251103 0.003446 0.007285
19 0.516423 0.247614 0.003400 0.007289
19 0.521379 0.195965 0.003415 0.007189
19 0.521372 0.156073 0.003430 0.007256
19 0.555694 0.156100 0.003432 0.007308
19 0.555676 0.195959 0.003419 0.007233
19 0.561421 0.248000 0.003442 0.007243
19 0.539215 0.253918 0.003430 0.007241
18 0.248195 0.201857 0.003358 0.003871
18 0.248163 0.253261 0.003358 0.003837
18 0.396797 0.204946 0.003377 0.003791
18 0.396826 0.253276 0.003434 0.003840
18 0.493599 0.253246 0.003406 0.003819
16 0.154924 0.755654 0.002375 0.004998
16 0.167947 0.755663 0.002377 0.005026
16 0.494402 0.831435 0.002400 0.004995
16 0.494402 0.865098 0.002354 0.005012