12 0.148732 0.197734 0.006643 0.006380
12 0.167044 0.197715 0.006337 0.006510
12 0.199167 0.173549 0.004557 0.009308
12 0.203282 0.202998 0.004580 0.009340
12 0.133676 0.270930 0.006382 0.006426
12 0.167060 0.270941 0.006361 0.006505
12 0.138454 0.323568 0.006328 0.006413
12 0.188278 0.352264 0.004562 0.008968
12 0.204178 0.328001 0.004576 0.009292
12 0.204179 0.301893 0.004546 0.009302
12 0.204168 0.274928 0.004556 0.009338
12 0.224662 0.277698 0.006371 0.006437
12 0.301424 0.277690 0.006385 0.006425
12 0.319373 0.277714 0.006601 0.006519
12 0.337071 0.289287 0.006359 0.006472
12 0.324059 0.352255 0.004521 0.008994
12 0.364833 0.352135 0.004569 0.009181
12 0.345983 0.298369 0.006331 0.006372
12 0.345967 0.267987 0.006347 0.006413
12 0.353086 0.189249 0.006373 0.006361
12 0.385853 0.196908 0.006373 0.006404
12 0.394758 0.324380 0.006298 0.006402
12 0.429863 0.324397 0.006306 0.006488
12 0.429864 0.247803 0.006329 0.006503
13 0.139621 0.223885 0.003860 0.005421
13 0.158026 0.223898 0.003832 0.005379
13 0.213740 0.176334 0.003906 0.005399
13 0.213747 0.205314 0.003867 0.005431
13 0.155981 0.255746 0.003866 0.005409
13 0.191009 0.328311 0.003858 0.005462
13 0.184888 0.336564 0.003831 0.005528
13 0.168493 0.309281 0.003784 0.005331
13 0.135812 0.255828 0.003837 0.005357
13 0.191037 0.300773 0.003834 0.005427
13 0.238722 0.282831 0.003856 0.005509
13 0.191018 0.272924 0.003809 0.005449
13 0.284997 0.273601 0.003870 0.005405
13 0.320809 0.299702 0.003856 0.005459
13 0.325403 0.306699 0.003829 0.005421
13 0.319836 0.329819 0.003886 0.005449
13 0.366191 0.206321 0.003845 0.005415
13 0.382222 0.223860 0.003892 0.005400
13 0.354676 0.255699 0.003880 0.005465
13 0.370772 0.301228 0.003748 0.005357
13 0.377830 0.311310 0.003806 0.005474
13 0.398103 0.294505 0.003844 0.005364
13 0.426944 0.294512 0.003810 0.005195
13 0.421833 0.261759 0.003856 0.005376
13 0.446699 0.261763 0.003885 0.005418
12 0.438711 0.247816 0.006409 0.006401
12 0.438741 0.324394 0.006388 0.006377
13 0.441611 0.294530 0.003872 0.005283
12 0.473871 0.324443 0.006343 0.006469
12 0.503734 0.352140 0.004609 0.009203
12 0.522645 0.298378 0.006388 0.006440
12 0.522646 0.268008 0.006365 0.006436
12 0.482698 0.196896 0.006329 0.006392
12 0.515484 0.189253 0.006354 0.006408
12 0.582955 0.353063 0.004564 0.007278
12 0.567210 0.277680 0.006328 0.006485
12 0.549193 0.277693 0.006578 0.006371
12 0.531471 0.289299 0.006317 0.006350
12 0.544513 0.352249 0.004516 0.008918
12 0.664445 0.274983 0.004603 0.009376
12 0.643947 0.277772 0.006325 0.006516
12 0.664426 0.301923 0.004549 0.009284
12 0.664434 0.327976 0.004557 0.009412
12 0.680302 0.352241 0.004549 0.009065
12 0.719881 0.197670 0.006606 0.006298
12 0.701607 0.197666 0.006296 0.006454
12 0.669456 0.173541 0.004602 0.009331
12 0.665310 0.203088 0.004534 0.009416
12 0.701565 0.270941 0.006310 0.006471
12 0.730146 0.323545 0.006341 0.006384
12 0.734906 0.270950 0.006295 0.006461
13 0.470471 0.294525 0.003843 0.005306
13 0.490730 0.311306 0.003859 0.005374
13 0.497805 0.301267 0.003696 0.005232
13 0.513918 0.255754 0.003858 0.005520
13 0.486340 0.223861 0.003815 0.005400
13 0.502416 0.206297 0.003835 0.005316
13 0.583585 0.273658 0.003849 0.005449
13 0.547749 0.299669 0.003825 0.005375
13 0.543124 0.306703 0.003845 0.005404
13 0.548739 0.329830 0.003775 0.005503
13 0.588375 0.329803 0.003784 0.005357
13 0.629871 0.282848 0.003841 0.005384
13 0.677522 0.272963 0.003804 0.005496
13 0.677515 0.300743 0.003841 0.005461
13 0.654829 0.176357 0.003822 0.005373
13 0.654824 0.205354 0.003831 0.005423
13 0.710555 0.223926 0.003842 0.005439
13 0.728939 0.223907 0.003880 0.005394
13 0.712600 0.255820 0.003820 0.005408
13 0.677530 0.328305 0.003821 0.005452
13 0.683719 0.336541 0.003788 0.005438
13 0.700076 0.309347 0.003766 0.005430
13 0.732755 0.255778 0.003775 0.005429
12 0.148718 0.658797 0.006600 0.006461
12 0.199134 0.634612 0.004559 0.009345
12 0.167040 0.658810 0.006312 0.006469
12 0.203279 0.664065 0.004579 0.009339
12 0.167044 0.733695 0.006338 0.006357
12 0.204157 0.789062 0.004552 0.009325
12 0.188301 0.813298 0.004574 0.008992
12 0.138435 0.784599 0.006417 0.006448
12 0.204161 0.736041 0.004583 0.009369
12 0.204190 0.762967 0.004567 0.009406
12 0.224654 0.738765 0.006404 0.006311
12 0.260995 0.784821 0.006294 0.006474
12 0.285657 0.811800 0.004545 0.009358
12 0.324059 0.813300 0.004555 0.009038
12 0.337091 0.750348 0.006324 0.006338
12 0.319377 0.738776 0.006625 0.006444
12 0.301422 0.738736 0.006424 0.006467
12 0.353077 0.650329 0.006365 0.006495
12 0.385854 0.657991 0.006329 0.006425
12 0.345983 0.729085 0.006366 0.006340
12 0.394748 0.785458 0.006251 0.006404
12 0.429878 0.785533 0.006281 0.006427
12 0.429859 0.708909 0.006337 0.006357
12 0.438720 0.708906 0.006388 0.006481
12 0.482737 0.797484 0.006375 0.006441
12 0.522696 0.760462 0.006312 0.006483
12 0.522625 0.729054 0.006350 0.006477
12 0.482719 0.657909 0.006341 0.006421
12 0.515484 0.650357 0.006294 0.006442
12 0.567177 0.738720 0.006322 0.006413
12 0.549187 0.738752 0.006603 0.006389
12 0.531473 0.750369 0.006365 0.006379
12 0.544537 0.813296 0.004546 0.009087
12 0.582933 0.814132 0.004540 0.007330
12 0.607606 0.791670 0.006344 0.006386
12 0.643929 0.738757 0.006292 0.006440
12 0.664423 0.736074 0.004589 0.009314
12 0.664398 0.763005 0.004599 0.009355
12 0.719833 0.658807 0.006649 0.006454
12 0.669448 0.634604 0.004594 0.009382
12 0.701587 0.658774 0.006301 0.006408
12 0.665316 0.664023 0.004589 0.009284
12 0.701568 0.733728 0.006294 0.006348
12 0.664417 0.789061 0.004515 0.009376
12 0.680298 0.813303 0.004515 0.009044
12 0.730158 0.784618 0.006289 0.006403
13 0.139612 0.685012 0.003859 0.005493
13 0.213758 0.637461 0.003852 0.005410
13 0.158006 0.684975 0.003884 0.005464
13 0.213715 0.666382 0.003858 0.005461
13 0.157512 0.720272 0.003864 0.005471
13 0.168506 0.770402 0.003730 0.005451
13 0.191037 0.789326 0.003875 0.005486
13 0.184862 0.797608 0.003825 0.005486
13 0.191036 0.734071 0.003922 0.005595
13 0.191051 0.761815 0.003834 0.005469
13 0.238701 0.743905 0.003819 0.005313
13 0.249815 0.755579 0.003888 0.005504
13 0.281856 0.789217 0.003786 0.005484
13 0.319857 0.790897 0.003855 0.005458
13 0.325385 0.767750 0.003835 0.005464
13 0.320826 0.760749 0.003884 0.005395
13 0.284990 0.734739 0.003846 0.005378
13 0.366176 0.667384 0.003865 0.005344
13 0.382228 0.684964 0.003841 0.005437
13 0.354702 0.716776 0.003832 0.005424
13 0.398103 0.755605 0.003859 0.005423
13 0.426975 0.755633 0.003850 0.005344
13 0.421841 0.722802 0.003879 0.005437
13 0.446722 0.722822 0.003880 0.005438
13 0.491701 0.772345 0.003884 0.005427
13 0.497856 0.765236 0.003860 0.005464
13 0.513911 0.716802 0.003838 0.005459
13 0.486349 0.684990 0.003859 0.005490
13 0.502384 0.667332 0.003853 0.005405
13 0.583587 0.734711 0.003887 0.005376
13 0.547739 0.760789 0.003831 0.005476
13 0.543144 0.767776 0.003850 0.005412
13 0.548742 0.790888 0.003808 0.005390
13 0.588355 0.790866 0.003838 0.005408
13 0.617516 0.755551 0.003861 0.005449
13 0.629867 0.743920 0.003837 0.005457
13 0.677518 0.734031 0.003834 0.005404
13 0.677543 0.761811 0.003817 0.005404
13 0.728942 0.684964 0.003861 0.005466
13 0.710554 0.684963 0.003866 0.005436
13 0.654830 0.637432 0.003839 0.005452
13 0.654843 0.666355 0.003813 0.005452
13 0.711036 0.720192 0.003831 0.005450
13 0.677535 0.789346 0.003839 0.005467
13 0.683699 0.797609 0.003782 0.005430
13 0.700079 0.770439 0.003775 0.005397