12 0.128913 0.220757 0.005268 0.006841
12 0.128897 0.294900 0.005255 0.006880
12 0.180893 0.245814 0.005072 0.006553
12 0.189781 0.220805 0.005283 0.006860
12 0.189814 0.294842 0.005232 0.006872
12 0.245605 0.247462 0.005068 0.006427
12 0.128863 0.496410 0.005210 0.006969
12 0.128824 0.583935 0.005284 0.006858
12 0.180892 0.528616 0.005065 0.006509
12 0.189809 0.503344 0.005235 0.006429
12 0.259011 0.422438 0.005242 0.006482
12 0.259040 0.466089 0.005268 0.006951
12 0.259023 0.560398 0.005203 0.006880
12 0.290783 0.535332 0.005107 0.006352
12 0.331342 0.535346 0.005217 0.006476
12 0.340277 0.503344 0.005058 0.006359
12 0.396054 0.560389 0.005232 0.006873
12 0.404984 0.528581 0.005093 0.006347
12 0.453097 0.567122 0.005091 0.006924
12 0.461994 0.560391 0.005259 0.006883
12 0.453179 0.486295 0.005284 0.006947
12 0.461998 0.466062 0.005270 0.006935
12 0.531103 0.503391 0.005051 0.006472
12 0.540136 0.528595 0.005054 0.006417
12 0.601540 0.570458 0.005061 0.006942
12 0.601545 0.486271 0.005065 0.006989
12 0.584403 0.294859 0.005020 0.006896
12 0.584398 0.220793 0.005028 0.006957
12 0.540136 0.245784 0.005065 0.006375
12 0.531103 0.220783 0.005028 0.006921
12 0.531107 0.294900 0.005029 0.006994
12 0.462030 0.422411 0.005231 0.006346
12 0.473438 0.247494 0.005217 0.006407
12 0.305320 0.406771 0.003659 0.009258
12 0.352907 0.386597 0.003656 0.009296
12 0.396075 0.466076 0.005251 0.006911
19 0.140656 0.361969 0.003639 0.006465
19 0.140667 0.422582 0.003634 0.006391
19 0.280566 0.427649 0.003611 0.006477
19 0.439510 0.415809 0.003607 0.006403
19 0.582260 0.422546 0.003638 0.006417
19 0.582269 0.361965 0.003605 0.006407
19 0.451893 0.265996 0.003629 0.006454
19 0.266265 0.266019 0.003609 0.006433
13 0.162310 0.322442 0.003058 0.005323
13 0.182096 0.451618 0.003077 0.005423
13 0.198450 0.585080 0.003065 0.005402
13 0.301700 0.450346 0.002985 0.005280
13 0.311346 0.458696 0.002944 0.005321
13 0.343113 0.585098 0.003044 0.005304
13 0.422624 0.455357 0.003053 0.005401
13 0.522560 0.585060 0.003117 0.005336
13 0.538934 0.451653 0.002985 0.005423
13 0.532313 0.418738 0.003041 0.005396
13 0.558716 0.322415 0.003063 0.005336
13 0.492098 0.322461 0.003087 0.005353
13 0.292248 0.334170 0.003067 0.005344
13 0.269353 0.334109 0.002961 0.005392
13 0.227008 0.322457 0.003063 0.005355
13 0.368376 0.384679 0.003083 0.005381
13 0.419044 0.410385 0.003006 0.005210
14 0.271527 0.334331 0.001732 0.005694
14 0.303893 0.450177 0.001745 0.005639
14 0.445676 0.334331 0.001741 0.005561
19 0.694210 0.252691 0.005662 0.010015
13 0.692592 0.267797 0.004139 0.007238
14 0.693996 0.283535 0.002093 0.006733
12 0.693710 0.298726 0.003711 0.009510
12 0.694324 0.555851 0.003817 0.009376