12 0.113752 0.220784 0.005064 0.006902
12 0.113732 0.294875 0.005085 0.006937
12 0.113558 0.496389 0.005307 0.006946
12 0.113579 0.583895 0.005302 0.006820
12 0.165733 0.528631 0.005288 0.006489
12 0.174645 0.503348 0.005039 0.006352
12 0.174645 0.294909 0.005075 0.006882
12 0.165722 0.245829 0.005282 0.006449
12 0.174648 0.220779 0.005049 0.006909
12 0.230433 0.247511 0.005204 0.006457
12 0.243453 0.422433 0.004581 0.006474
12 0.243668 0.466069 0.005030 0.006933
19 0.125405 0.361956 0.003651 0.006394
19 0.125400 0.422570 0.003614 0.006413
19 0.265298 0.427640 0.003609 0.006433
19 0.424244 0.415812 0.003653 0.006386
19 0.567004 0.422556 0.003679 0.006435
19 0.566994 0.361957 0.003656 0.006392
19 0.436634 0.266016 0.003643 0.006464
19 0.251025 0.266040 0.003641 0.006410
19 0.687790 0.221658 0.005589 0.009916