19 0.379967 0.266172 0.004854 0.006996
19 0.397769 0.427652 0.004911 0.006995
19 0.611820 0.266110 0.004955 0.006819
13 0.250014 0.322530 0.004252 0.005661
13 0.330868 0.322537 0.004168 0.005726
13 0.383908 0.334360 0.004231 0.005627
13 0.414148 0.334298 0.004119 0.005727
13 0.283107 0.418805 0.003958 0.005958
13 0.274742 0.451651 0.004104 0.005912
13 0.295198 0.584890 0.004197 0.005463
13 0.425972 0.450273 0.004091 0.005605
13 0.436225 0.458775 0.004232 0.005793
13 0.475953 0.584782 0.004161 0.005532
13 0.507531 0.384788 0.004251 0.005696
13 0.570864 0.410537 0.003996 0.005884
13 0.575276 0.455389 0.004182 0.006037
13 0.623804 0.379335 0.004167 0.005966
13 0.700166 0.584876 0.004262 0.005750
13 0.720616 0.451616 0.004147 0.005896
13 0.712346 0.418777 0.004198 0.006136
13 0.745315 0.322502 0.004235 0.005633
13 0.662069 0.322568 0.004280 0.005675
13 0.606725 0.334315 0.004193 0.005731