18 0.251016 0.151352 0.004042 0.003833
18 0.277777 0.151429 0.004035 0.003859
18 0.287129 0.182232 0.004122 0.003752
18 0.287156 0.209216 0.004091 0.004067
18 0.260876 0.209216 0.003974 0.004152
18 0.313588 0.209225 0.004038 0.004067
18 0.340242 0.209225 0.003968 0.003945
18 0.366870 0.209149 0.003973 0.003909
18 0.393462 0.209194 0.004106 0.003952
18 0.483227 0.144487 0.004019 0.004134
18 0.483279 0.182626 0.004085 0.004067
18 0.506110 0.182605 0.004066 0.003817
18 0.506143 0.144372 0.004207 0.004038
18 0.553469 0.209247 0.004104 0.004084
18 0.526804 0.209214 0.004049 0.003995
18 0.499074 0.209286 0.004056 0.004019
18 0.472397 0.209226 0.004023 0.003900
18 0.091237 0.574399 0.004226 0.003842
18 0.116697 0.574480 0.004074 0.003917
18 0.127267 0.605413 0.004113 0.004033
18 0.100984 0.632313 0.003974 0.003913
18 0.127264 0.632359 0.003952 0.003958
18 0.153715 0.632422 0.003995 0.003883
18 0.180370 0.632321 0.003987 0.003938
18 0.207036 0.632328 0.003948 0.003820
18 0.233657 0.632339 0.003970 0.003873
18 0.260279 0.632306 0.004086 0.004021
18 0.286983 0.632324 0.003977 0.003974
18 0.366873 0.632434 0.004040 0.003921
18 0.377926 0.606777 0.004116 0.003875
18 0.377978 0.568642 0.004197 0.003968
18 0.400821 0.568569 0.004020 0.003899
18 0.400756 0.606758 0.004045 0.004037
18 0.393560 0.632377 0.004071 0.003991
18 0.572232 0.475262 0.004131 0.003904
18 0.595497 0.475256 0.004104 0.003852
18 0.572184 0.513596 0.004100 0.003913
18 0.595515 0.513585 0.004101 0.003852
18 0.579890 0.538045 0.003991 0.003988
18 0.606237 0.538078 0.004023 0.003990
18 0.686649 0.538059 0.004010 0.004012
18 0.713287 0.538102 0.004135 0.003906
18 0.739998 0.538084 0.004087 0.003853
18 0.766601 0.538125 0.004045 0.004014
18 0.793244 0.538005 0.003900 0.004045
18 0.819894 0.538071 0.003984 0.004020
18 0.846492 0.538118 0.004006 0.003998
18 0.846549 0.510860 0.004101 0.003820
18 0.856592 0.480263 0.004165 0.003960
18 0.882444 0.480063 0.004028 0.003474
18 0.873191 0.538084 0.003943 0.003741
26 0.424699 0.155604 0.009462 0.005798
26 0.448113 0.155681 0.009420 0.005834
26 0.424659 0.198897 0.009475 0.005864
26 0.448130 0.198867 0.009431 0.005958
26 0.313580 0.622024 0.009399 0.005847
26 0.338946 0.621986 0.009374 0.005855
26 0.313566 0.578783 0.009502 0.005904
26 0.338949 0.578781 0.009380 0.005870
26 0.634577 0.483599 0.009526 0.005633
26 0.657296 0.483683 0.009546 0.005692
26 0.634520 0.527401 0.009450 0.005724
26 0.657300 0.527461 0.009463 0.005894