18 0.251070 0.150241 0.004118 0.003945
18 0.277782 0.141104 0.004040 0.003992
18 0.277769 0.158088 0.004095 0.003903
18 0.287113 0.181125 0.004117 0.003982
18 0.260909 0.208066 0.003968 0.003932
18 0.287132 0.208021 0.004083 0.003980
18 0.313587 0.208075 0.004011 0.003949
18 0.340275 0.208064 0.004015 0.003961
18 0.366862 0.208149 0.003980 0.004043
18 0.393532 0.208041 0.003992 0.004008
18 0.472398 0.208086 0.003986 0.003861
18 0.499040 0.208017 0.003947 0.004078
18 0.506198 0.184999 0.004022 0.003801
18 0.482787 0.173598 0.004215 0.003844
18 0.482648 0.141273 0.004028 0.003905
18 0.506205 0.141273 0.004067 0.003834
18 0.572231 0.475257 0.004093 0.004080
18 0.595481 0.475228 0.004154 0.003897
18 0.595508 0.513638 0.004104 0.004033
18 0.572180 0.513688 0.004076 0.003932
18 0.653799 0.459641 0.004125 0.003863
19 0.684767 0.471728 0.004134 0.007243
19 0.684830 0.491984 0.004038 0.007089
19 0.706989 0.492027 0.004148 0.007222
19 0.706914 0.471815 0.004083 0.007174
19 0.721066 0.484776 0.004083 0.007049
19 0.721120 0.509420 0.004091 0.007153
19 0.704733 0.517097 0.004162 0.007165
19 0.687605 0.517238 0.004091 0.007283
18 0.842601 0.512160 0.004174 0.004027
18 0.842630 0.536299 0.003999 0.004079
18 0.860193 0.536189 0.004001 0.003758
18 0.877787 0.536329 0.004198 0.003938
18 0.855549 0.487655 0.004234 0.003726
18 0.855515 0.470394 0.004163 0.003932
18 0.882443 0.480132 0.004142 0.003836
19 0.866225 0.558282 0.004087 0.007073
19 0.878928 0.562670 0.004073 0.007270
19 0.879499 0.584523 0.004255 0.007313
19 0.866180 0.580183 0.004180 0.007367
19 0.587078 0.601434 0.004101 0.007324
19 0.599708 0.601452 0.004081 0.007289
18 0.393562 0.632318 0.004190 0.003832
18 0.366890 0.632353 0.003961 0.003721
18 0.377944 0.606702 0.004102 0.003759
18 0.400780 0.606720 0.004065 0.003851
18 0.377934 0.568639 0.004073 0.003840
18 0.400808 0.568592 0.004097 0.004037
18 0.385571 0.531326 0.004071 0.003980
18 0.411922 0.531294 0.003989 0.003837
19 0.403837 0.499555 0.004129 0.007232
19 0.390709 0.485415 0.004165 0.007026
19 0.403818 0.431387 0.004211 0.007190
19 0.391349 0.439258 0.004101 0.007126
18 0.091192 0.574469 0.003997 0.003823
18 0.117902 0.565311 0.004080 0.003823
18 0.117905 0.582349 0.004188 0.003887
18 0.127183 0.605365 0.004132 0.003931
18 0.100953 0.632212 0.004298 0.004140
18 0.127207 0.632249 0.004213 0.004065
18 0.153632 0.632325 0.004213 0.003914
18 0.180333 0.632325 0.003915 0.003763
18 0.206972 0.632252 0.004044 0.003787
18 0.233607 0.632249 0.004000 0.003914
18 0.260245 0.632325 0.004183 0.003654
18 0.287021 0.632279 0.003964 0.003677