18 0.251009 0.151418 0.004074 0.004099
18 0.277793 0.151366 0.004021 0.003828
18 0.287077 0.182222 0.004148 0.003722
18 0.260948 0.209184 0.004050 0.003993
18 0.287175 0.209233 0.004049 0.003805
18 0.313601 0.209216 0.004028 0.003952
18 0.340226 0.209252 0.003993 0.004116
18 0.366887 0.209213 0.004050 0.003935
18 0.393608 0.209284 0.004028 0.004052
18 0.483257 0.144238 0.004066 0.003996
18 0.483285 0.182647 0.004235 0.004096
18 0.506068 0.182575 0.004219 0.003962
18 0.506173 0.144429 0.004428 0.004146
18 0.472415 0.209154 0.004276 0.004111
18 0.498977 0.209319 0.004230 0.004275
18 0.526806 0.209192 0.004096 0.004438
18 0.553461 0.209158 0.004160 0.004105
19 0.388532 0.433028 0.003947 0.007167
19 0.402695 0.433152 0.003982 0.007414
19 0.403693 0.454777 0.004045 0.007111
19 0.403714 0.474396 0.004148 0.007285
19 0.402633 0.495094 0.004037 0.007233
19 0.388530 0.494840 0.004115 0.007095
18 0.572194 0.475215 0.004095 0.003840
18 0.595509 0.475267 0.004057 0.003873
18 0.572185 0.513565 0.004183 0.004065
18 0.595498 0.513625 0.004250 0.003876
19 0.684758 0.471902 0.004075 0.006877
19 0.684876 0.491829 0.003935 0.006960
19 0.684725 0.514750 0.004012 0.007183
19 0.702864 0.514791 0.003915 0.006850
19 0.721034 0.509388 0.004083 0.007164
19 0.709734 0.492046 0.004055 0.007173
19 0.709727 0.471788 0.004058 0.007217
18 0.846531 0.510791 0.004202 0.003871
18 0.856517 0.480177 0.004092 0.003866
18 0.882388 0.480182 0.004021 0.003698
18 0.873189 0.538071 0.004080 0.003928
18 0.846526 0.538068 0.003948 0.003741
18 0.819915 0.538140 0.004064 0.004044
18 0.793174 0.537992 0.004110 0.003851
18 0.766589 0.538108 0.003980 0.003863
18 0.739941 0.538027 0.004010 0.003755
18 0.713274 0.537995 0.003965 0.003722
18 0.686615 0.537953 0.004117 0.003825
18 0.400768 0.568563 0.004081 0.003890
18 0.400760 0.606785 0.004035 0.003974
18 0.377937 0.606685 0.004121 0.003588
18 0.377909 0.568683 0.004097 0.003762
18 0.091098 0.574584 0.004079 0.004013
18 0.116727 0.574529 0.004028 0.003745
18 0.100993 0.632305 0.004046 0.003865
18 0.127260 0.632391 0.004087 0.003769
18 0.127258 0.605309 0.004112 0.003858
18 0.153732 0.632314 0.004051 0.003800
18 0.180373 0.632292 0.004161 0.003904
18 0.207013 0.632353 0.004114 0.004093
18 0.233585 0.632261 0.003986 0.003861
18 0.260318 0.632400 0.004173 0.003759
18 0.286925 0.632349 0.004056 0.003775
18 0.366856 0.632398 0.004091 0.003973
18 0.393534 0.632367 0.004176 0.003930
26 0.313623 0.622026 0.009440 0.005752
26 0.338936 0.621969 0.009415 0.005797
26 0.338943 0.578810 0.009418 0.005885
26 0.313570 0.578697 0.009423 0.005853
26 0.429266 0.155713 0.009450 0.005712
26 0.429281 0.198930 0.009467 0.005904
26 0.448110 0.198814 0.009444 0.005769
26 0.448137 0.155637 0.009410 0.005811
26 0.580417 0.539552 0.009434 0.005848
26 0.606368 0.539535 0.009468 0.005871
26 0.633394 0.539448 0.009567 0.005860
26 0.660057 0.539557 0.009550 0.005752
26 0.633358 0.493013 0.009520 0.005944
26 0.633159 0.637133 0.009405 0.005697
26 0.633188 0.605841 0.009445 0.005667
26 0.633238 0.574950 0.009412 0.005726
26 0.659548 0.574941 0.009393 0.005471
26 0.659533 0.605696 0.009511 0.005295
26 0.687023 0.637144 0.009506 0.005855
26 0.687002 0.605606 0.009402 0.005057
26 0.686981 0.574922 0.009404 0.005698
26 0.712874 0.636999 0.009542 0.005866
26 0.712997 0.575010 0.009461 0.005919
26 0.712904 0.606104 0.009481 0.005758
26 0.820612 0.637017 0.009484 0.005663
26 0.820596 0.605951 0.009483 0.005854
26 0.820622 0.574992 0.009511 0.005780
26 0.660041 0.493015 0.009593 0.005813
26 0.659506 0.636844 0.009438 0.005959
26 0.740411 0.637051 0.009544 0.005854
26 0.740427 0.605920 0.009520 0.005810
26 0.740433 0.574917 0.009508 0.005763
26 0.766756 0.574956 0.009481 0.005866
26 0.766770 0.606122 0.009405 0.005586
26 0.766726 0.637070 0.009437 0.005967
26 0.793500 0.637053 0.009422 0.005900
26 0.793516 0.605995 0.009452 0.005941
26 0.793512 0.574964 0.009437 0.005836