18 0.251037 0.151486 0.004117 0.004022
18 0.277802 0.151293 0.004089 0.003778
18 0.287142 0.182212 0.004176 0.004008
18 0.260886 0.209233 0.003986 0.003805
18 0.287149 0.209101 0.003956 0.003802
18 0.313615 0.209064 0.003907 0.003848
18 0.340199 0.209145 0.004016 0.004087
18 0.366861 0.209129 0.003993 0.004116
18 0.393480 0.209184 0.003984 0.004111
18 0.472329 0.209129 0.004058 0.003935
18 0.499074 0.209256 0.003963 0.003850
18 0.526842 0.209233 0.004113 0.004029
18 0.553534 0.209135 0.004080 0.004221
18 0.483269 0.182459 0.004068 0.003918
18 0.506080 0.182481 0.004096 0.003980
18 0.483227 0.144284 0.004048 0.003949
18 0.506105 0.144448 0.004142 0.003636
18 0.572250 0.475235 0.004073 0.003800
18 0.595499 0.475168 0.004101 0.003820
18 0.572158 0.513555 0.004061 0.003780
18 0.595516 0.513667 0.004067 0.003902
18 0.579900 0.537953 0.004117 0.003878
18 0.606200 0.538049 0.004083 0.003925
18 0.686638 0.538038 0.004066 0.003900
18 0.713301 0.538002 0.004028 0.003974
18 0.739925 0.538070 0.003957 0.003961
18 0.766637 0.538075 0.004044 0.003993
18 0.793303 0.538112 0.003949 0.004032
18 0.819914 0.538065 0.004004 0.003777
18 0.846560 0.538054 0.004245 0.003870
18 0.846566 0.510910 0.004077 0.003961
18 0.856528 0.480179 0.004050 0.003752
18 0.882501 0.480324 0.004085 0.004069
18 0.873212 0.538039 0.004019 0.003832
18 0.377914 0.568623 0.004062 0.003787
18 0.400793 0.568560 0.004054 0.003974
18 0.400793 0.606745 0.004312 0.003791
18 0.377930 0.606719 0.004058 0.003784
18 0.366907 0.632335 0.003996 0.003908
18 0.393562 0.632318 0.004076 0.003932
18 0.286787 0.632419 0.004265 0.003930
18 0.260202 0.632325 0.004085 0.003763
18 0.233606 0.632309 0.004016 0.003898
18 0.206984 0.632399 0.004086 0.003707
18 0.180316 0.632345 0.003964 0.003880
18 0.153699 0.632424 0.003948 0.003902
18 0.127278 0.632326 0.004085 0.003966
18 0.127281 0.605423 0.004129 0.004062
18 0.100991 0.632272 0.004055 0.003900
18 0.091130 0.574463 0.004262 0.003814
18 0.116730 0.574510 0.004136 0.003990
26 0.313626 0.622036 0.009555 0.005883
26 0.338931 0.622045 0.009478 0.005920
26 0.313566 0.578783 0.009405 0.005991
26 0.338959 0.578844 0.009439 0.005826
26 0.424640 0.155626 0.009351 0.005817
26 0.424624 0.198863 0.009405 0.005758
26 0.448137 0.198902 0.009354 0.005978
26 0.448159 0.155751 0.009438 0.006006
26 0.634566 0.483655 0.009520 0.005892
26 0.634535 0.527427 0.009398 0.005909
26 0.657264 0.527449 0.009404 0.005864
26 0.657290 0.483700 0.009444 0.005875