0 0.646225 0.646676 0.006478 0.009134
0 0.687162 0.628706 0.006371 0.009134
0 0.696719 0.586852 0.006371 0.008985
0 0.696825 0.535340 0.006371 0.008985
0 0.697197 0.488170 0.006478 0.008985
0 0.647871 0.455076 0.006371 0.009284
0 0.550016 0.455002 0.006478 0.009434
0 0.510301 0.460916 0.006690 0.009284
0 0.501327 0.491165 0.006584 0.008985
0 0.582776 0.646601 0.006371 0.008985
0 0.551821 0.646526 0.006478 0.008835
0 0.510778 0.628706 0.006584 0.009134
0 0.501327 0.586927 0.006371 0.009134
0 0.388022 0.646676 0.006371 0.009134
0 0.418817 0.646751 0.006584 0.008685
0 0.459807 0.628706 0.006371 0.009134
0 0.469417 0.586927 0.006478 0.009134
0 0.469470 0.491165 0.006584 0.008985
0 0.460285 0.460991 0.006478 0.009134
0 0.420569 0.454927 0.006478 0.009284
0 0.355368 0.646526 0.006478 0.009134
0 0.324466 0.646601 0.006478 0.009284
0 0.283370 0.628706 0.006478 0.009134
0 0.273919 0.586852 0.006478 0.008985
0 0.273813 0.535190 0.006690 0.009284
0 0.273495 0.488170 0.006690 0.009284
0 0.322874 0.455151 0.006478 0.009434