0 0.550122 0.433214 0.006478 0.009284
0 0.647924 0.433139 0.006478 0.009434
0 0.697250 0.466232 0.006584 0.009434
0 0.696878 0.513327 0.006690 0.009584
0 0.696825 0.564915 0.006584 0.009434
0 0.687162 0.606768 0.006584 0.009284
0 0.615323 0.624663 0.006478 0.009434
0 0.582723 0.624738 0.006690 0.009284
0 0.510778 0.606843 0.006371 0.009134
0 0.501274 0.564990 0.006690 0.009284
0 0.501274 0.469003 0.006478 0.009284
0 0.510407 0.438979 0.006478 0.009134
0 0.469470 0.469078 0.006796 0.009134
0 0.460338 0.439054 0.006584 0.009284
0 0.420622 0.433139 0.006371 0.009134
0 0.418976 0.624813 0.006478 0.009434
0 0.388075 0.624663 0.006478 0.009134
0 0.355421 0.624888 0.006584 0.009284
0 0.324519 0.624738 0.006371 0.009284
0 0.283424 0.606768 0.006584 0.009284
0 0.273813 0.565064 0.006478 0.009134
0 0.273919 0.513327 0.006478 0.009284
0 0.273548 0.466232 0.006371 0.009134
0 0.322820 0.433214 0.006371 0.009284