0 0.403366 0.642408 0.006478 0.008985
0 0.403472 0.595837 0.006478 0.008985
0 0.460285 0.588125 0.006478 0.009134
0 0.413454 0.542528 0.006478 0.008985
0 0.445259 0.520440 0.006371 0.008835
0 0.420569 0.485624 0.006265 0.008985
0 0.460285 0.447963 0.006478 0.009134
0 0.339970 0.642408 0.006478 0.008985
0 0.339970 0.595837 0.006265 0.008985
0 0.283052 0.588200 0.006478 0.008985
0 0.329935 0.542528 0.006371 0.008985
0 0.298078 0.520440 0.006371 0.008835
0 0.322820 0.485624 0.006371 0.008985
0 0.283052 0.447889 0.006478 0.008985
3 0.615323 0.471399 0.006478 0.008985
3 0.582723 0.471473 0.006478 0.009134
3 0.598970 0.417865 0.006478 0.009134
3 0.599023 0.342992 0.006371 0.009134
3 0.387969 0.471473 0.006478 0.009134
3 0.355368 0.471473 0.006478 0.009134
3 0.371615 0.417940 0.006478 0.009284
3 0.371668 0.343217 0.006584 0.009284