3 0.599023 0.439203 0.006584 0.009284
3 0.676118 0.474918 0.006371 0.009134
3 0.615270 0.494534 0.006584 0.009434
3 0.647924 0.518194 0.006478 0.009134
3 0.672613 0.532345 0.006584 0.008985
3 0.641606 0.563492 0.006371 0.008985
3 0.630774 0.598907 0.006371 0.009134
3 0.567272 0.598907 0.006584 0.009134
3 0.556440 0.563567 0.006584 0.009134
3 0.582776 0.494459 0.006371 0.008985
3 0.550069 0.518194 0.006584 0.009134
3 0.509610 0.535265 0.006371 0.009134
3 0.525486 0.497829 0.006478 0.009134
3 0.355421 0.494609 0.006584 0.009284
3 0.371668 0.439128 0.006371 0.009434
3 0.387969 0.494459 0.006478 0.009284
3 0.445205 0.497978 0.006690 0.009135
3 0.420675 0.518194 0.006478 0.009134
3 0.461081 0.535265 0.006584 0.009134
3 0.414251 0.563417 0.006584 0.008835
3 0.403472 0.598907 0.006690 0.009134
3 0.339917 0.598907 0.006371 0.009134
3 0.329033 0.563492 0.006478 0.008985
3 0.322874 0.518194 0.006478 0.009134
3 0.298184 0.532495 0.006584 0.009284
3 0.294627 0.474993 0.006265 0.008985