0 0.687162 0.628706 0.006371 0.009134
0 0.696772 0.586777 0.006478 0.009134
0 0.696772 0.535265 0.006690 0.009134
0 0.697250 0.488245 0.006371 0.009134
0 0.647871 0.455076 0.006584 0.009284
0 0.646172 0.646751 0.006584 0.009284
0 0.615217 0.646601 0.006478 0.009284
0 0.582723 0.646751 0.006690 0.009284
0 0.551715 0.646601 0.006690 0.009284
0 0.510778 0.628631 0.006584 0.008985
0 0.459807 0.628706 0.006584 0.009434
0 0.501221 0.586927 0.006584 0.009434
0 0.469470 0.586852 0.006584 0.009284
0 0.469576 0.491165 0.006371 0.009284
0 0.501274 0.491090 0.006478 0.009134
0 0.550122 0.455076 0.006478 0.009284
0 0.510354 0.460916 0.006584 0.009284
0 0.460338 0.460842 0.006584 0.009434
0 0.420622 0.454927 0.006584 0.009284
0 0.418976 0.646676 0.006478 0.009134
0 0.388022 0.646751 0.006584 0.009284
0 0.355421 0.646601 0.006371 0.009284
0 0.324413 0.646601 0.006371 0.008985
0 0.283424 0.628631 0.006584 0.009284
0 0.273919 0.586927 0.006478 0.009134
0 0.273920 0.535190 0.006690 0.009584
0 0.273389 0.488170 0.006478 0.009284
0 0.322767 0.455151 0.006478 0.009134