0 0.647818 0.433214 0.006478 0.009284
0 0.697197 0.466232 0.006478 0.009134
0 0.696772 0.513402 0.006478 0.009134
0 0.696772 0.565064 0.006478 0.009134
0 0.687162 0.606843 0.006371 0.009134
0 0.615270 0.624813 0.006584 0.009134
0 0.582723 0.624813 0.006478 0.009134
0 0.550175 0.433139 0.006371 0.009134
0 0.510778 0.606768 0.006584 0.009284
0 0.501274 0.564990 0.006265 0.008985
0 0.510354 0.438979 0.006584 0.009134
0 0.501221 0.469227 0.006371 0.009134
0 0.469470 0.469227 0.006584 0.009134
0 0.460285 0.438979 0.006690 0.009434
0 0.420516 0.433139 0.006584 0.009134
0 0.418923 0.624813 0.006584 0.009134
0 0.388022 0.624738 0.006371 0.008985
0 0.355421 0.624738 0.006584 0.009584
0 0.324413 0.624813 0.006584 0.009134
0 0.283424 0.606843 0.006584 0.009434
0 0.273973 0.564990 0.006371 0.009284
0 0.273919 0.513327 0.006265 0.009284
0 0.273495 0.466307 0.006690 0.009284
0 0.322767 0.433214 0.006478 0.009284