0 0.403472 0.642408 0.006265 0.008985
0 0.403313 0.595912 0.006584 0.009134
0 0.460285 0.588275 0.006478 0.009134
0 0.413454 0.542528 0.006478 0.008985
0 0.445312 0.520440 0.006478 0.009134
0 0.420622 0.485624 0.006371 0.008985
0 0.460285 0.447963 0.006478 0.009134
0 0.339917 0.642483 0.006584 0.009134
0 0.340023 0.595987 0.006371 0.008985
0 0.282999 0.588125 0.006371 0.008835
0 0.322820 0.485550 0.006371 0.008835
0 0.329935 0.542528 0.006371 0.008685
0 0.298184 0.520515 0.006371 0.008985
0 0.283105 0.447889 0.006371 0.008985
3 0.599023 0.342992 0.006371 0.009134
3 0.599023 0.417715 0.006584 0.009134
3 0.615270 0.471473 0.006584 0.009134
3 0.582670 0.471473 0.006371 0.009134
3 0.355368 0.471473 0.006478 0.009434
3 0.387915 0.471473 0.006584 0.009134
3 0.371668 0.417715 0.006584 0.009134
3 0.371721 0.343142 0.006478 0.009134