3 0.672507 0.532420 0.006584 0.009134
3 0.676118 0.474993 0.006159 0.008985
3 0.647871 0.518194 0.006371 0.009134
3 0.641606 0.563567 0.006371 0.008835
3 0.630668 0.598907 0.006371 0.009134
3 0.567219 0.598832 0.006478 0.009284
3 0.556440 0.563492 0.006371 0.008985
3 0.550122 0.518119 0.006478 0.008985
3 0.615217 0.494609 0.006478 0.009284
3 0.582670 0.494609 0.006584 0.009284
3 0.599023 0.439278 0.006371 0.009134
3 0.525486 0.497829 0.006478 0.009134
3 0.509557 0.535190 0.006478 0.008985
3 0.461081 0.535115 0.006584 0.009134
3 0.445152 0.497754 0.006584 0.009584
3 0.420516 0.518194 0.006584 0.009134
3 0.414357 0.563567 0.006584 0.009434
3 0.403366 0.598757 0.006478 0.009434
3 0.339811 0.598907 0.006159 0.009434
3 0.329033 0.563567 0.006478 0.009434
3 0.298131 0.532270 0.006478 0.009434
3 0.322767 0.518119 0.006690 0.009584
3 0.388022 0.494609 0.006584 0.009284
3 0.355368 0.494684 0.006478 0.009434
3 0.294521 0.474993 0.006690 0.009284
3 0.371615 0.439054 0.006478 0.009284